1 0.42265625 0.04375 0.1078125 0.0875
1 0.36640625 0.328125 0.0953125 0.05416666666666667
1 0.6625 0.196875 0.0875 0.05
1 0.67578125 0.26666666666666666 0.0921875 0.052083333333333336
1 0.4109375 0.47291666666666665 0.0796875 0.07291666666666667
1 0.57421875 0.4322916666666667 0.0546875 0.06041666666666667
1 0.63359375 0.4125 0.059375 0.0625
1 0.5203125 0.6614583333333334 0.065625 0.05625
0 0.44765625 0.17083333333333334 0.1296875 0.13125
0 0.4734375 0.30833333333333335 0.128125 0.11875
5 0.24140625 0.390625 0.0765625 0.1
5 0.77265625 0.2708333333333333 0.059375 0.08125
3 0.1921875 0.4552083333333333 0.053125 0.0375
3 0.31484375 0.4239583333333333 0.059375 0.041666666666666664
3 0.7421875 0.32083333333333336 0.04375 0.035416666666666666
3 0.8171875 0.30104166666666665 0.0515625 0.0375
4 0.41875 0.4041666666666667 0.0515625 0.07708333333333334
4 0.59296875 0.36041666666666666 0.0890625 0.09583333333333334
2 0.1875 0.284375 0.1390625 0.1375