0 0.53046875 0.15833333333333333 0.1125 0.10208333333333333
0 0.5296875 0.296875 0.1140625 0.1
2 0.25234375 0.19791666666666666 0.121875 0.12083333333333333
5 0.30390625 0.303125 0.0609375 0.0875
5 0.83125 0.35625 0.0515625 0.06875
4 0.46640625 0.3541666666666667 0.025 0.020833333333333332
4 0.6390625 0.396875 0.0765625 0.075
1 0.52734375 0.03333333333333333 0.0859375 0.06666666666666667
1 0.7375 0.246875 0.0734375 0.027083333333333334
1 0.73828125 0.31875 0.071875 0.03333333333333333
1 0.43359375 0.28020833333333334 0.084375 0.0375
1 0.6109375 0.4552083333333333 0.05 0.05
1 0.67578125 0.45208333333333334 0.05625 0.052083333333333336
1 0.44140625 0.43854166666666666 0.0796875 0.06041666666666667
1 0.509375 0.6697916666666667 0.05625 0.04583333333333333
3 0.2421875 0.3458333333333333 0.0421875 0.03125
3 0.79609375 0.39375 0.040625 0.020833333333333332
3 0.86640625 0.39791666666666664 0.0390625 0.020833333333333332
3 0.36640625 0.3572916666666667 0.0375 0.027083333333333334