1 0.46640625 0.078125 0.08828125 0.071875
1 0.66875 0.2864583333333333 0.07578125 0.0375
1 0.67421875 0.353125 0.06875 0.034375
1 0.35546875 0.33958333333333335 0.0796875 0.03333333333333333
1 0.3765625 0.4875 0.0734375 0.05416666666666667
1 0.56640625 0.49166666666666664 0.04765625 0.04479166666666667
1 0.6203125 0.4875 0.059375 0.04895833333333333
1 0.47109375 0.7104166666666667 0.05234375 0.04583333333333333
5 0.22109375 0.371875 0.05546875 0.08645833333333333
5 0.7765625 0.38645833333333335 0.04921875 0.07395833333333333
2 0.21171875 0.259375 0.11640625 0.10729166666666666
3 0.159375 0.415625 0.03828125 0.022916666666666665
3 0.28359375 0.41770833333333335 0.03515625 0.022916666666666665
3 0.7390625 0.425 0.0359375 0.015625
3 0.815625 0.425 0.03671875 0.017708333333333333
4 0.39609375 0.4322916666666667 0.04609375 0.075
4 0.5875 0.4354166666666667 0.06796875 0.071875
0 0.47265625 0.20833333333333334 0.109375 0.09166666666666666
0 0.478125 0.34375 0.11484375 0.090625