1 0.46640625 0.058333333333333334 0.096875 0.08020833333333334
1 0.64921875 0.27291666666666664 0.08203125 0.026041666666666668
1 0.6484375 0.34270833333333334 0.08359375 0.029166666666666667
1 0.31875 0.3104166666666667 0.09453125 0.035416666666666666
1 0.34140625 0.46979166666666666 0.0796875 0.05625
1 0.525 0.4791666666666667 0.046875 0.051041666666666666
1 0.58984375 0.47708333333333336 0.05859375 0.04895833333333333
1 0.428125 0.6895833333333333 0.0671875 0.03958333333333333
0 0.45859375 0.190625 0.11640625 0.096875
0 0.45546875 0.325 0.121875 0.09375
5 0.18203125 0.340625 0.06328125 0.08854166666666667
5 0.75078125 0.38125 0.05234375 0.07604166666666666
3 0.11484375 0.3854166666666667 0.0546875 0.03333333333333333
3 0.23984375 0.3927083333333333 0.04375 0.029166666666666667
3 0.70625 0.41770833333333335 0.0453125 0.027083333333333334
3 0.790625 0.4239583333333333 0.04375 0.030208333333333334
4 0.36640625 0.40520833333333334 0.075 0.071875
4 0.5671875 0.41770833333333335 0.0875 0.07083333333333333
2 0.196875 0.22916666666666666 0.1203125 0.09583333333333334