1 0.45703125 0.09479166666666666 0.08359375 0.06979166666666667
1 0.6453125 0.29791666666666666 0.06796875 0.03229166666666667
1 0.64453125 0.36666666666666664 0.065625 0.027083333333333334
1 0.3265625 0.346875 0.075 0.036458333333333336
1 0.34375 0.49166666666666664 0.07109375 0.05416666666666667
1 0.53671875 0.5 0.046875 0.04479166666666667
1 0.590625 0.4979166666666667 0.05390625 0.046875
1 0.43046875 0.7166666666666667 0.05546875 0.04583333333333333
0 0.45625 0.22291666666666668 0.10625 0.09166666666666666
0 0.45390625 0.35104166666666664 0.11015625 0.0875
5 0.19140625 0.3729166666666667 0.05546875 0.08229166666666667
5 0.7484375 0.4010416666666667 0.04921875 0.071875
2 0.20234375 0.265625 0.10859375 0.10520833333333333
3 0.12578125 0.415625 0.03828125 0.022916666666666665
3 0.25 0.42083333333333334 0.0359375 0.025
3 0.7078125 0.43854166666666666 0.03125 0.017708333333333333
3 0.78671875 0.440625 0.03046875 0.019791666666666666
4 0.3671875 0.43645833333333334 0.05078125 0.078125
4 0.56015625 0.44479166666666664 0.0703125 0.06979166666666667