1 0.6078125 0.09791666666666667 0.0953125 0.09166666666666666
1 0.45625 0.3104166666666667 0.0859375 0.05416666666666667
1 0.77109375 0.34791666666666665 0.0859375 0.04791666666666667
1 0.7546875 0.415625 0.0859375 0.05
1 0.61171875 0.515625 0.0515625 0.05625
1 0.67578125 0.528125 0.059375 0.06041666666666667
1 0.4453125 0.46041666666666664 0.08125 0.07708333333333334
1 0.47890625 0.6947916666666667 0.0734375 0.06041666666666667
0 0.58515625 0.22083333333333333 0.121875 0.11875
0 0.56484375 0.35 0.121875 0.11458333333333333
3 0.2578125 0.33229166666666665 0.053125 0.0375
3 0.3734375 0.36666666666666664 0.0453125 0.035416666666666666
3 0.8 0.5 0.0484375 0.035416666666666666
3 0.88125 0.528125 0.05 0.0375
5 0.3265625 0.30416666666666664 0.0703125 0.10208333333333333
5 0.84921875 0.4739583333333333 0.0609375 0.0875
2 0.32578125 0.19583333333333333 0.128125 0.13125
4 0.4796875 0.403125 0.0515625 0.075
4 0.65546875 0.46145833333333336 0.090625 0.10416666666666667