1 0.53125 0.034375 0.08984375 0.065625
1 0.44921875 0.29270833333333335 0.0953125 0.0375
1 0.7390625 0.24583333333333332 0.08984375 0.029166666666666667
1 0.74140625 0.31354166666666666 0.08515625 0.029166666666666667
1 0.45546875 0.44375 0.0796875 0.065625
1 0.61171875 0.4510416666666667 0.04296875 0.04895833333333333
1 0.68046875 0.44479166666666664 0.05546875 0.053125
1 0.521875 0.6604166666666667 0.05859375 0.03854166666666667
0 0.53359375 0.16666666666666666 0.121875 0.10104166666666667
0 0.5390625 0.3020833333333333 0.115625 0.09166666666666666
5 0.315625 0.325 0.05859375 0.09270833333333334
5 0.83515625 0.3458333333333333 0.0546875 0.07083333333333333
3 0.265625 0.371875 0.0546875 0.030208333333333334
3 0.37734375 0.3729166666666667 0.05078125 0.027083333333333334
3 0.796875 0.38645833333333335 0.0453125 0.030208333333333334
3 0.86796875 0.38333333333333336 0.046875 0.034375
4 0.640625 0.3854166666666667 0.0859375 0.07708333333333334
4 0.453125 0.3614583333333333 0.07734375 0.028125
2 0.26875 0.20416666666666666 0.1546875 0.12604166666666666