1 0.55859375 0.171875 0.0828125 0.07708333333333334
1 0.71484375 0.39375 0.071875 0.04375
1 0.70703125 0.45208333333333334 0.06875 0.04375
1 0.4265625 0.3770833333333333 0.075 0.04375
1 0.425 0.509375 0.065625 0.06041666666666667
1 0.5921875 0.5520833333333334 0.053125 0.052083333333333336
1 0.646875 0.5614583333333333 0.0609375 0.05416666666666667
1 0.47890625 0.7333333333333333 0.0546875 0.052083333333333336
0 0.54453125 0.2833333333333333 0.1109375 0.10208333333333333
0 0.5328125 0.40208333333333335 0.1109375 0.10208333333333333
4 0.62265625 0.5072916666666667 0.0734375 0.07708333333333334
4 0.4484375 0.4625 0.053125 0.075
5 0.30703125 0.3770833333333333 0.053125 0.08125
5 0.79921875 0.50625 0.05 0.07291666666666667
2 0.31953125 0.27708333333333335 0.11875 0.11458333333333333
3 0.2453125 0.403125 0.0515625 0.029166666666666667
3 0.3515625 0.42916666666666664 0.0515625 0.029166666666666667
3 0.7609375 0.5322916666666667 0.046875 0.025
3 0.83125 0.5479166666666667 0.0421875 0.025