1 0.5421875 0.06979166666666667 0.090625 0.07708333333333334
1 0.7484375 0.25833333333333336 0.0875 0.03333333333333333
1 0.74609375 0.33125 0.0796875 0.03333333333333333
1 0.43203125 0.334375 0.09375 0.04375
1 0.44375 0.48333333333333334 0.0765625 0.06458333333333334
1 0.62265625 0.47708333333333336 0.0453125 0.05
1 0.68359375 0.4708333333333333 0.053125 0.05416666666666667
1 0.52734375 0.696875 0.065625 0.04375
0 0.54453125 0.20104166666666667 0.115625 0.09791666666666667
0 0.5421875 0.334375 0.1203125 0.10208333333333333
3 0.246875 0.42083333333333334 0.05 0.029166666666666667
3 0.36484375 0.41770833333333335 0.059375 0.029166666666666667
3 0.80859375 0.39895833333333336 0.0484375 0.03125
3 0.88984375 0.39375 0.0453125 0.029166666666666667
5 0.30625 0.3729166666666667 0.0625 0.09375
5 0.8484375 0.3572916666666667 0.0625 0.08125
4 0.47109375 0.41354166666666664 0.04375 0.06458333333333334
2 0.2890625 0.26666666666666666 0.1234375 0.1125
4 0.65390625 0.4114583333333333 0.0796875 0.08958333333333333