1 0.4953125 0.05 0.084375 0.08125
1 0.67109375 0.225 0.0703125 0.041666666666666664
1 0.6703125 0.28958333333333336 0.06875 0.03958333333333333
1 0.375 0.3145833333333333 0.075 0.04375
1 0.484375 0.6375 0.0515625 0.041666666666666664
1 0.396875 0.44583333333333336 0.0640625 0.06041666666666667
1 0.57421875 0.43125 0.05 0.04791666666666667
1 0.6234375 0.42083333333333334 0.0578125 0.052083333333333336
5 0.771875 0.30833333333333335 0.053125 0.075
5 0.25625 0.35520833333333335 0.0546875 0.08125
2 0.2671875 0.25416666666666665 0.10625 0.11666666666666667
3 0.20390625 0.40208333333333335 0.0484375 0.027083333333333334
3 0.3078125 0.39166666666666666 0.0484375 0.029166666666666667
3 0.7296875 0.35 0.053125 0.027083333333333334
3 0.8078125 0.340625 0.046875 0.027083333333333334
4 0.59765625 0.37395833333333334 0.0734375 0.075
4 0.415625 0.3927083333333333 0.0640625 0.07708333333333334
0 0.49453125 0.175 0.1109375 0.10208333333333333
0 0.4953125 0.30104166666666665 0.1109375 0.10208333333333333