1 0.50703125 0.057291666666666664 0.0875 0.07395833333333333
1 0.3921875 0.31875 0.0875 0.035416666666666666
1 0.709375 0.26145833333333335 0.08125 0.027083333333333334
1 0.70859375 0.334375 0.07734375 0.030208333333333334
1 0.590625 0.46875 0.05703125 0.04791666666666667
1 0.65 0.465625 0.05703125 0.04895833333333333
1 0.4140625 0.46875 0.07890625 0.059375
1 0.49921875 0.68125 0.06328125 0.03854166666666667
3 0.2 0.3927083333333333 0.053125 0.025
3 0.3234375 0.39479166666666665 0.05703125 0.027083333333333334
3 0.7671875 0.40520833333333334 0.04921875 0.025
3 0.8484375 0.40625 0.040625 0.022916666666666665
5 0.2625 0.35 0.06328125 0.08541666666666667
5 0.8125 0.36770833333333336 0.0546875 0.08020833333333334
4 0.43203125 0.40208333333333335 0.0453125 0.06875
4 0.6234375 0.40520833333333334 0.08359375 0.08541666666666667
0 0.50703125 0.18854166666666666 0.11015625 0.09375
0 0.50859375 0.32395833333333335 0.11796875 0.09166666666666666
2 0.25390625 0.23541666666666666 0.125 0.10416666666666667