1 0.5375 0.035416666666666666 0.090625 0.06666666666666667
1 0.4515625 0.2916666666666667 0.0953125 0.03958333333333333
1 0.7421875 0.25104166666666666 0.090625 0.03125
1 0.74375 0.31875 0.0859375 0.03125
1 0.45625 0.4427083333333333 0.08125 0.06666666666666667
1 0.6125 0.45416666666666666 0.04375 0.05
1 0.68125 0.44895833333333335 0.05625 0.05416666666666667
1 0.51953125 0.6604166666666667 0.059375 0.03958333333333333
0 0.53828125 0.16770833333333332 0.1234375 0.10416666666666667
0 0.54140625 0.303125 0.1171875 0.09375
5 0.31796875 0.32083333333333336 0.059375 0.09375
5 0.8375 0.3541666666666667 0.05625 0.07291666666666667
3 0.2671875 0.36666666666666664 0.0546875 0.03125
3 0.37890625 0.3697916666666667 0.0515625 0.029166666666666667
3 0.7984375 0.39375 0.0453125 0.03125
3 0.86953125 0.39166666666666666 0.046875 0.035416666666666666
4 0.6421875 0.3885416666666667 0.0875 0.07916666666666666
4 0.4546875 0.36041666666666666 0.078125 0.029166666666666667
2 0.27265625 0.19895833333333332 0.15625 0.12916666666666668