1 0.3875 0.08229166666666667 0.1078125 0.10833333333333334
1 0.60390625 0.23125 0.084375 0.052083333333333336
1 0.615625 0.3 0.0859375 0.05625
1 0.28984375 0.375 0.0984375 0.06458333333333334
1 0.340625 0.521875 0.0875 0.08125
1 0.5203125 0.471875 0.0546875 0.06458333333333334
1 0.5828125 0.44895833333333335 0.065625 0.06666666666666667
1 0.46484375 0.7072916666666667 0.071875 0.06041666666666667
0 0.40390625 0.21354166666666666 0.13125 0.13125
0 0.425 0.34479166666666666 0.1359375 0.13125
5 0.1625 0.4479166666666667 0.078125 0.10625
5 0.721875 0.30416666666666664 0.0640625 0.09166666666666666
3 0.10546875 0.5135416666666667 0.059375 0.05
3 0.228125 0.48020833333333335 0.0484375 0.041666666666666664
3 0.68515625 0.353125 0.0484375 0.041666666666666664
3 0.76796875 0.33229166666666665 0.0484375 0.04375
4 0.353125 0.4510416666666667 0.0859375 0.09375
4 0.55 0.39895833333333336 0.0984375 0.09791666666666667
2 0.15703125 0.33541666666666664 0.134375 0.13125