1 0.578125 0.052083333333333336 0.0984375 0.09166666666666666
1 0.4234375 0.26666666666666666 0.0984375 0.05625
1 0.73984375 0.29791666666666666 0.0859375 0.052083333333333336
1 0.72890625 0.36666666666666664 0.09375 0.052083333333333336
1 0.58984375 0.47708333333333336 0.0578125 0.0625
1 0.6484375 0.484375 0.059375 0.06458333333333334
1 0.41796875 0.42291666666666666 0.075 0.06666666666666667
1 0.46640625 0.6552083333333333 0.0640625 0.04791666666666667
0 0.5578125 0.18125 0.13125 0.12916666666666668
0 0.5390625 0.3145833333333333 0.134375 0.12291666666666666
3 0.228125 0.29375 0.053125 0.041666666666666664
3 0.3453125 0.325 0.065625 0.041666666666666664
3 0.77578125 0.453125 0.0515625 0.0375
3 0.8578125 0.47604166666666664 0.046875 0.0375
5 0.29453125 0.2625 0.0703125 0.10208333333333333
5 0.825 0.4270833333333333 0.0671875 0.09375
2 0.30078125 0.165625 0.1390625 0.1375
4 0.44921875 0.365625 0.0609375 0.08541666666666667
4 0.6328125 0.421875 0.0921875 0.09583333333333334