1 0.409375 0.09270833333333334 0.09375 0.08958333333333333
1 0.6390625 0.24270833333333333 0.071875 0.052083333333333336
1 0.6515625 0.3104166666666667 0.075 0.05
1 0.33984375 0.3770833333333333 0.0828125 0.05416666666666667
1 0.38203125 0.5177083333333333 0.078125 0.07083333333333333
1 0.56875 0.47291666666666665 0.059375 0.06041666666666667
1 0.61953125 0.4552083333333333 0.0609375 0.0625
1 0.50546875 0.7104166666666667 0.0625 0.05625
0 0.43359375 0.21979166666666666 0.1234375 0.11875
0 0.45625 0.35 0.1265625 0.11875
2 0.18359375 0.33645833333333336 0.128125 0.1375
5 0.21015625 0.4427083333333333 0.0703125 0.1
5 0.75703125 0.315625 0.0578125 0.08125
3 0.15703125 0.5052083333333334 0.0421875 0.03125
3 0.27890625 0.47291666666666665 0.0375 0.029166666666666667
3 0.72578125 0.36354166666666665 0.0421875 0.027083333333333334
3 0.80234375 0.34375 0.04375 0.029166666666666667
4 0.5796875 0.41458333333333336 0.08125 0.08958333333333333
4 0.37890625 0.46145833333333336 0.078125 0.09375