1 0.45078125 0.07291666666666667 0.096875 0.08125
1 0.33359375 0.34270833333333334 0.0921875 0.04375
1 0.6578125 0.3229166666666667 0.084375 0.0375
1 0.36640625 0.4895833333333333 0.078125 0.06666666666666667
1 0.54609375 0.475 0.0484375 0.052083333333333336
1 0.60390625 0.46458333333333335 0.053125 0.05625
1 0.65078125 0.25729166666666664 0.0734375 0.03958333333333333
1 0.4625 0.696875 0.0609375 0.04375
0 0.45234375 0.20208333333333334 0.1171875 0.10833333333333334
0 0.46171875 0.33645833333333336 0.115625 0.10416666666666667
3 0.14765625 0.44166666666666665 0.0578125 0.03333333333333333
3 0.2671875 0.43125 0.0515625 0.03125
3 0.71875 0.38958333333333334 0.0609375 0.03333333333333333
3 0.80234375 0.37916666666666665 0.0484375 0.029166666666666667
5 0.203125 0.39166666666666666 0.0640625 0.09375
5 0.76015625 0.34375 0.065625 0.08333333333333333
4 0.38046875 0.428125 0.0671875 0.08333333333333333
4 0.5734375 0.4114583333333333 0.0765625 0.08541666666666667
2 0.2140625 0.2791666666666667 0.1359375 0.12916666666666668