1 0.53671875 0.06041666666666667 0.0765625 0.06770833333333333
1 0.384375 0.296875 0.07265625 0.035416666666666666
1 0.68671875 0.26875 0.06640625 0.028125
1 0.678125 0.33125 0.06484375 0.027083333333333334
1 0.3890625 0.4322916666666667 0.0578125 0.046875
1 0.5640625 0.4510416666666667 0.04453125 0.041666666666666664
1 0.61171875 0.45208333333333334 0.05390625 0.04375
1 0.45 0.6375 0.05078125 0.036458333333333336
0 0.52109375 0.184375 0.10234375 0.08958333333333333
0 0.50625 0.30625 0.1 0.08229166666666667
4 0.4125 0.38125 0.05703125 0.071875
4 0.59765625 0.39895833333333336 0.065625 0.06354166666666666
2 0.284375 0.21458333333333332 0.09375 0.10104166666666667
5 0.26171875 0.3125 0.05078125 0.075
5 0.7734375 0.3697916666666667 0.04453125 0.06458333333333334
3 0.2015625 0.35 0.03671875 0.01875
3 0.3078125 0.359375 0.03828125 0.020833333333333332
3 0.728125 0.403125 0.0359375 0.017708333333333333
3 0.80390625 0.4083333333333333 0.03046875 0.016666666666666666