1 0.51953125 0.04791666666666667 0.0984375 0.06979166666666667
1 0.39609375 0.30104166666666665 0.09375 0.03229166666666667
1 0.41484375 0.45 0.0765625 0.05416666666666667
1 0.7140625 0.32395833333333335 0.08984375 0.029166666666666667
1 0.71953125 0.25104166666666666 0.0921875 0.027083333333333334
1 0.58984375 0.46145833333333336 0.05 0.052083333333333336
1 0.65234375 0.4552083333333333 0.05 0.052083333333333336
1 0.49921875 0.665625 0.0734375 0.040625
0 0.5171875 0.17708333333333334 0.12265625 0.09479166666666666
0 0.5171875 0.309375 0.1171875 0.0875
3 0.20703125 0.3729166666666667 0.05 0.029166666666666667
3 0.32890625 0.37395833333333334 0.05234375 0.027083333333333334
3 0.7703125 0.3958333333333333 0.05 0.026041666666666668
3 0.8515625 0.396875 0.0484375 0.025
5 0.2671875 0.3302083333333333 0.065625 0.09166666666666666
5 0.81484375 0.359375 0.05390625 0.08229166666666667
2 0.2625 0.221875 0.11875 0.11354166666666667
4 0.43828125 0.3927083333333333 0.04609375 0.06875
4 0.6265625 0.396875 0.0828125 0.08541666666666667