0 0.45859375 0.11458333333333333 0.1234375 0.10520833333333333
0 0.44921875 0.2604166666666667 0.11875 0.09895833333333333
2 0.19375 0.159375 0.1109375 0.11666666666666667
5 0.16015625 0.2708333333333333 0.0546875 0.08958333333333333
3 0.0921875 0.3104166666666667 0.0484375 0.036458333333333336
3 0.21875 0.32083333333333336 0.04453125 0.029166666666666667
1 0.3234375 0.40208333333333335 0.11328125 0.07083333333333333
1 0.30390625 0.24166666666666667 0.08984375 0.04583333333333333
4 0.34296875 0.3385416666666667 0.0625 0.07604166666666666
4 0.55546875 0.3625 0.07109375 0.071875
1 0.51953125 0.4197916666666667 0.0484375 0.04895833333333333
1 0.57109375 0.41875 0.06484375 0.051041666666666666
1 0.64140625 0.28125 0.071875 0.026041666666666668
1 0.64765625 0.203125 0.075 0.025
5 0.74921875 0.31979166666666664 0.05078125 0.06979166666666667
3 0.7 0.359375 0.0375 0.022916666666666665
3 0.7828125 0.365625 0.0296875 0.020833333333333332
1 0.41015625 0.625 0.053125 0.03854166666666667
1 0.46796875 0.004166666666666667 0.06875 0.008333333333333333