1 0.521875 0.030208333333333334 0.08671875 0.06041666666666667
1 0.73984375 0.23541666666666666 0.07265625 0.03125
1 0.74609375 0.3072916666666667 0.07265625 0.03125
1 0.528125 0.6697916666666667 0.05390625 0.04479166666666667
1 0.4453125 0.28125 0.0796875 0.030208333333333334
1 0.62265625 0.45 0.05234375 0.04895833333333333
1 0.68203125 0.44375 0.04296875 0.04791666666666667
1 0.4546875 0.44375 0.078125 0.057291666666666664
0 0.52734375 0.15833333333333333 0.11328125 0.096875
0 0.53125 0.2947916666666667 0.11484375 0.09895833333333333
2 0.2484375 0.2125 0.12421875 0.11875
5 0.3140625 0.315625 0.06640625 0.09270833333333334
5 0.8421875 0.3385416666666667 0.04921875 0.06875
4 0.64453125 0.38958333333333334 0.078125 0.06979166666666667
4 0.47578125 0.35833333333333334 0.01640625 0.01875
3 0.2578125 0.3625 0.04296875 0.028125
3 0.38046875 0.36666666666666664 0.03515625 0.025
3 0.8046875 0.37916666666666665 0.0328125 0.01875
3 0.875 0.37916666666666665 0.0328125 0.01875