1 0.56484375 0.075 0.0953125 0.0875
1 0.44296875 0.3125 0.1015625 0.04791666666666667
1 0.75 0.3104166666666667 0.0796875 0.04375
1 0.746875 0.3802083333333333 0.0921875 0.04375
1 0.4453125 0.46458333333333335 0.08125 0.07291666666666667
1 0.61484375 0.4979166666666667 0.0546875 0.058333333333333334
1 0.678125 0.5 0.0640625 0.06458333333333334
1 0.50546875 0.6916666666666667 0.065625 0.052083333333333336
0 0.55859375 0.20416666666666666 0.1171875 0.1125
0 0.54921875 0.33645833333333336 0.1265625 0.1125
3 0.24765625 0.35833333333333334 0.059375 0.035416666666666666
3 0.3734375 0.37916666666666665 0.0546875 0.03333333333333333
3 0.8015625 0.46041666666666664 0.0515625 0.029166666666666667
3 0.87578125 0.4708333333333333 0.05 0.03333333333333333
5 0.31484375 0.32395833333333335 0.06875 0.1
5 0.84609375 0.4270833333333333 0.0625 0.09166666666666666
4 0.47265625 0.4041666666666667 0.0390625 0.07083333333333333
4 0.6546875 0.4375 0.0875 0.10208333333333333
2 0.29296875 0.21041666666666667 0.13125 0.12916666666666668