1 0.58515625 0.046875 0.096875 0.08333333333333333
1 0.47421875 0.284375 0.0984375 0.05625
1 0.765625 0.2989583333333333 0.0921875 0.04791666666666667
1 0.76015625 0.36666666666666664 0.0875 0.04583333333333333
1 0.4625 0.4354166666666667 0.0859375 0.08125
1 0.61640625 0.475 0.0484375 0.058333333333333334
1 0.684375 0.48333333333333334 0.0609375 0.06458333333333334
1 0.503125 0.6625 0.0625 0.05
0 0.57265625 0.178125 0.1328125 0.125
0 0.56171875 0.3125 0.125 0.11458333333333333
5 0.33828125 0.28854166666666664 0.06875 0.10416666666666667
5 0.84921875 0.41770833333333335 0.0625 0.08125
3 0.28359375 0.325 0.0578125 0.041666666666666664
3 0.39375 0.3489583333333333 0.053125 0.0375
3 0.80625 0.45 0.0484375 0.03958333333333333
3 0.87734375 0.46145833333333336 0.05 0.04375
4 0.65234375 0.4166666666666667 0.09375 0.09375
4 0.4703125 0.353125 0.0796875 0.04375
2 0.30625 0.159375 0.1671875 0.15625