1 0.43671875 0.046875 0.0953125 0.09375
1 0.684375 0.1875 0.0984375 0.052083333333333336
1 0.69296875 0.253125 0.0875 0.052083333333333336
1 0.43984375 0.46875 0.096875 0.08541666666666667
1 0.58671875 0.428125 0.05 0.0625
1 0.65625 0.4010416666666667 0.0546875 0.0625
1 0.53671875 0.6572916666666667 0.0703125 0.0625
1 0.40703125 0.3229166666666667 0.1015625 0.0625
0 0.46484375 0.17395833333333333 0.1359375 0.12916666666666668
0 0.4921875 0.3020833333333333 0.13125 0.12291666666666666
3 0.23984375 0.4552083333333333 0.05 0.041666666666666664
3 0.3546875 0.42291666666666666 0.04375 0.03958333333333333
3 0.76171875 0.30625 0.053125 0.0375
3 0.82890625 0.28541666666666665 0.04375 0.035416666666666666
5 0.28515625 0.3927083333333333 0.0765625 0.10833333333333334
5 0.7890625 0.25833333333333336 0.065625 0.0875
4 0.42265625 0.3875 0.08125 0.05
4 0.6125 0.3489583333333333 0.0875 0.09375
2 0.21171875 0.29375 0.15625 0.16041666666666668