1 0.715625 0.13020833333333334 0.0890625 0.08958333333333333
1 0.86875 0.38125 0.0796875 0.05416666666666667
1 0.85234375 0.44375 0.0765625 0.052083333333333336
1 0.56796875 0.33125 0.0765625 0.05416666666666667
1 0.5484375 0.46979166666666666 0.0703125 0.06666666666666667
1 0.70390625 0.53125 0.0546875 0.05625
1 0.76484375 0.5458333333333333 0.0625 0.0625
4 0.578125 0.42291666666666666 0.04375 0.07291666666666667
4 0.74609375 0.4895833333333333 0.0796875 0.0875
2 0.4421875 0.21875 0.115625 0.12916666666666668
5 0.446875 0.32395833333333335 0.065625 0.09583333333333334
5 0.94375 0.5072916666666667 0.059375 0.0875
3 0.390625 0.34375 0.046875 0.03125
3 0.48984375 0.37916666666666665 0.0453125 0.035416666666666666
3 0.89453125 0.5270833333333333 0.0484375 0.029166666666666667
3 0.96796875 0.5520833333333334 0.0515625 0.035416666666666666
1 0.5671875 0.6947916666666667 0.0609375 0.05625
0 0.68828125 0.24791666666666667 0.1203125 0.11875
0 0.6625 0.37083333333333335 0.1203125 0.11666666666666667