1 0.4453125 0.4739583333333333 0.0765625 0.058333333333333334
1 0.6171875 0.4635416666666667 0.0484375 0.04583333333333333
1 0.67890625 0.45208333333333334 0.05625 0.05416666666666667
1 0.534375 0.6885416666666667 0.059375 0.052083333333333336
1 0.42421875 0.325 0.0875 0.041666666666666664
1 0.7296875 0.31666666666666665 0.071875 0.03333333333333333
1 0.7265625 0.24791666666666667 0.0734375 0.035416666666666666
1 0.51875 0.06354166666666666 0.090625 0.07708333333333334
0 0.52109375 0.19166666666666668 0.1109375 0.1
0 0.53359375 0.3229166666666667 0.109375 0.09166666666666666
5 0.29609375 0.36666666666666664 0.065625 0.09166666666666666
5 0.8328125 0.33958333333333335 0.053125 0.07083333333333333
3 0.24140625 0.4166666666666667 0.034375 0.027083333333333334
3 0.36015625 0.409375 0.0375 0.022916666666666665
3 0.7984375 0.38125 0.0375 0.025
3 0.8734375 0.3729166666666667 0.04375 0.027083333333333334
2 0.26796875 0.26458333333333334 0.1171875 0.1125
4 0.465625 0.4083333333333333 0.0421875 0.06875
4 0.64375 0.4 0.0828125 0.07291666666666667