0 0.5234375 0.14375 0.121875 0.11458333333333333
0 0.52890625 0.284375 0.125 0.1125
1 0.41796875 0.28854166666666664 0.084375 0.05
1 0.51875 0.025 0.09375 0.05
1 0.7359375 0.19479166666666667 0.075 0.041666666666666664
1 0.73671875 0.2677083333333333 0.0734375 0.03958333333333333
1 0.678125 0.415625 0.0546875 0.05625
1 0.61875 0.428125 0.0546875 0.058333333333333334
1 0.43515625 0.4427083333333333 0.078125 0.06458333333333334
1 0.52265625 0.65625 0.0515625 0.04791666666666667
5 0.2890625 0.3385416666666667 0.0640625 0.09791666666666667
5 0.84453125 0.290625 0.05625 0.08541666666666667
3 0.22890625 0.3885416666666667 0.046875 0.03333333333333333
4 0.45703125 0.38125 0.046875 0.07916666666666666
4 0.64453125 0.36354166666666665 0.08125 0.08125
3 0.8015625 0.334375 0.0390625 0.025
3 0.88359375 0.325 0.0375 0.027083333333333334
2 0.2625 0.234375 0.13125 0.13958333333333334
3 0.3484375 0.37916666666666665 0.0421875 0.03333333333333333