1 0.5546875 0.071875 0.084375 0.07083333333333333
1 0.434375 0.328125 0.0875 0.03333333333333333
1 0.7578125 0.26979166666666665 0.0859375 0.03125
1 0.75 0.34479166666666666 0.0796875 0.035416666666666666
1 0.45390625 0.484375 0.0625 0.05625
1 0.62265625 0.484375 0.0484375 0.05
1 0.6875 0.478125 0.05625 0.05
1 0.521875 0.6979166666666666 0.0546875 0.0375
0 0.553125 0.19895833333333332 0.10625 0.09375
0 0.54765625 0.3375 0.109375 0.0875
3 0.2484375 0.41041666666666665 0.0515625 0.03125
3 0.3671875 0.4114583333333333 0.0421875 0.025
3 0.81484375 0.4166666666666667 0.0640625 0.027083333333333334
3 0.8921875 0.41354166666666664 0.05 0.025
5 0.30859375 0.3625 0.0609375 0.08541666666666667
5 0.8546875 0.3697916666666667 0.0546875 0.06666666666666667
4 0.47109375 0.41875 0.0421875 0.06666666666666667
4 0.65546875 0.42083333333333334 0.0875 0.07916666666666666
2 0.29921875 0.2552083333333333 0.121875 0.125