1 0.55234375 0.05520833333333333 0.0890625 0.07083333333333333
1 0.43671875 0.30625 0.0921875 0.035416666666666666
1 0.75078125 0.26458333333333334 0.0875 0.03333333333333333
1 0.7484375 0.33541666666666664 0.084375 0.029166666666666667
1 0.45 0.459375 0.078125 0.05416666666666667
1 0.6203125 0.46979166666666666 0.0453125 0.04583333333333333
1 0.6828125 0.46770833333333334 0.05 0.052083333333333336
1 0.52421875 0.6802083333333333 0.06875 0.041666666666666664
0 0.55 0.18854166666666666 0.1171875 0.1
0 0.54921875 0.31875 0.115625 0.09166666666666666
3 0.2515625 0.3770833333333333 0.05 0.029166666666666667
3 0.3703125 0.3854166666666667 0.0453125 0.029166666666666667
3 0.80859375 0.40729166666666666 0.0515625 0.029166666666666667
3 0.8859375 0.4125 0.0453125 0.027083333333333334
5 0.309375 0.33541666666666664 0.0578125 0.09375
5 0.8484375 0.37604166666666666 0.0609375 0.0875
4 0.47109375 0.3958333333333333 0.0359375 0.07083333333333333
4 0.65546875 0.40625 0.0765625 0.08541666666666667
2 0.28671875 0.22604166666666667 0.1203125 0.11458333333333333