0 0.471875 0.21458333333333332 0.11328125 0.09375
0 0.47265625 0.34791666666666665 0.1140625 0.08958333333333333
1 0.4703125 0.084375 0.0828125 0.06770833333333333
1 0.66484375 0.29375 0.0765625 0.03229166666666667
1 0.66796875 0.36354166666666665 0.06640625 0.029166666666666667
1 0.3484375 0.3416666666666667 0.0828125 0.035416666666666666
1 0.3671875 0.49166666666666664 0.0703125 0.052083333333333336
1 0.559375 0.4979166666666667 0.05234375 0.04375
1 0.6125 0.49375 0.05 0.05
1 0.45859375 0.7145833333333333 0.053125 0.046875
2 0.21328125 0.2625 0.1109375 0.11041666666666666
5 0.21171875 0.3729166666666667 0.053125 0.08854166666666667
5 0.7703125 0.396875 0.0453125 0.07083333333333333
3 0.14921875 0.415625 0.03359375 0.025
3 0.2734375 0.42083333333333334 0.03984375 0.021875
3 0.728125 0.43333333333333335 0.0421875 0.017708333333333333
3 0.80859375 0.43333333333333335 0.040625 0.021875
4 0.38828125 0.4354166666666667 0.046875 0.07708333333333334
4 0.57890625 0.44166666666666665 0.07265625 0.06979166666666667