1 0.5875 0.07395833333333333 0.0828125 0.08333333333333333
1 0.409375 0.275 0.0765625 0.05
1 0.71171875 0.3104166666666667 0.06875 0.041666666666666664
1 0.69609375 0.37083333333333335 0.0671875 0.03958333333333333
1 0.3984375 0.41041666666666665 0.0625 0.058333333333333334
1 0.56875 0.46458333333333335 0.0484375 0.05
1 0.615625 0.47604166666666664 0.0578125 0.05416666666666667
1 0.434375 0.625 0.0546875 0.04583333333333333
0 0.5578125 0.19270833333333334 0.1109375 0.11041666666666666
0 0.52890625 0.3104166666666667 0.1078125 0.10208333333333333
4 0.42734375 0.3645833333333333 0.0640625 0.08333333333333333
4 0.60859375 0.42083333333333334 0.071875 0.07708333333333334
2 0.3203125 0.17291666666666666 0.1046875 0.11875
5 0.28671875 0.265625 0.059375 0.08541666666666667
5 0.78515625 0.428125 0.0515625 0.07291666666666667
3 0.22265625 0.28958333333333336 0.0390625 0.027083333333333334
3 0.3265625 0.32083333333333336 0.040625 0.029166666666666667
3 0.73671875 0.45208333333333334 0.0375 0.025
3 0.8109375 0.47291666666666665 0.0328125 0.022916666666666665