1 0.703125 0.13125 0.0921875 0.08958333333333333
1 0.875 0.3729166666666667 0.078125 0.052083333333333336
1 0.8671875 0.43645833333333334 0.0765625 0.052083333333333336
1 0.5765625 0.34375 0.0765625 0.052083333333333336
1 0.565625 0.4864583333333333 0.0671875 0.06458333333333334
1 0.72578125 0.5385416666666667 0.0546875 0.05625
1 0.790625 0.55 0.0609375 0.06041666666666667
1 0.6 0.7135416666666666 0.05625 0.05416666666666667
5 0.4578125 0.34375 0.0609375 0.09166666666666666
5 0.96484375 0.4979166666666667 0.0609375 0.08541666666666667
3 0.40390625 0.36875 0.0484375 0.029166666666666667
3 0.50390625 0.39895833333333336 0.0484375 0.03333333333333333
3 0.91953125 0.521875 0.04375 0.027083333333333334
3 0.99140625 0.5447916666666667 0.0171875 0.022916666666666665
4 0.76015625 0.490625 0.0828125 0.0875
4 0.59140625 0.43854166666666666 0.040625 0.075
0 0.68671875 0.25104166666666666 0.11875 0.11458333333333333
0 0.66953125 0.3770833333333333 0.1203125 0.11458333333333333
2 0.440625 0.23854166666666668 0.1171875 0.12916666666666668