1 0.51328125 0.041666666666666664 0.0875 0.07083333333333333
1 0.73984375 0.253125 0.084375 0.035416666666666666
1 0.7421875 0.32395833333333335 0.075 0.035416666666666666
1 0.62578125 0.46875 0.053125 0.04583333333333333
1 0.69140625 0.46145833333333336 0.059375 0.05
1 0.44765625 0.46875 0.071875 0.05416666666666667
1 0.53671875 0.6854166666666667 0.059375 0.04583333333333333
0 0.525 0.17708333333333334 0.1140625 0.09166666666666666
0 0.5328125 0.31875 0.11875 0.09583333333333334
2 0.25703125 0.23854166666666668 0.121875 0.1125
5 0.29453125 0.35104166666666664 0.059375 0.08541666666666667
5 0.846875 0.35208333333333336 0.053125 0.07083333333333333
4 0.44609375 0.409375 0.0671875 0.07708333333333334
4 0.64765625 0.409375 0.0734375 0.075
3 0.2390625 0.4010416666666667 0.0375 0.027083333333333334
3 0.359375 0.39895833333333336 0.03125 0.020833333333333332
3 0.81171875 0.39375 0.0375 0.020833333333333332
3 0.88984375 0.39375 0.040625 0.020833333333333332