1 0.50546875 0.06458333333333334 0.08828125 0.07083333333333333
1 0.38984375 0.31979166666666664 0.08671875 0.03125
1 0.70546875 0.26875 0.08515625 0.025
1 0.70546875 0.33541666666666664 0.08515625 0.030208333333333334
1 0.5875 0.471875 0.0453125 0.04375
1 0.64609375 0.4708333333333333 0.0515625 0.04583333333333333
1 0.41484375 0.4739583333333333 0.07109375 0.052083333333333336
1 0.48984375 0.6885416666666667 0.0609375 0.03958333333333333
0 0.5078125 0.19375 0.1125 0.09166666666666666
0 0.50625 0.32395833333333335 0.109375 0.09166666666666666
2 0.25390625 0.24166666666666667 0.1203125 0.10416666666666667
4 0.4265625 0.4041666666666667 0.0453125 0.06458333333333334
4 0.62109375 0.4041666666666667 0.08203125 0.07291666666666667
3 0.20234375 0.3958333333333333 0.05078125 0.027083333333333334
3 0.3171875 0.4010416666666667 0.03359375 0.03333333333333333
3 0.76796875 0.4083333333333333 0.04921875 0.027083333333333334
3 0.8453125 0.41041666666666665 0.05625 0.026041666666666668
5 0.25703125 0.3489583333333333 0.0609375 0.08541666666666667
5 0.80859375 0.365625 0.05625 0.06770833333333333