0 0.484375 0.10729166666666666 0.11796875 0.10625
0 0.47578125 0.253125 0.11796875 0.09895833333333333
2 0.21328125 0.15104166666666666 0.1125 0.11979166666666667
5 0.18515625 0.25833333333333336 0.059375 0.0875
3 0.11953125 0.303125 0.046875 0.027083333333333334
3 0.246875 0.31145833333333334 0.04296875 0.025
3 0.73359375 0.35520833333333335 0.040625 0.017708333333333333
3 0.8171875 0.359375 0.0375 0.017708333333333333
5 0.78203125 0.3125 0.05703125 0.07395833333333333
4 0.375 0.3385416666666667 0.06015625 0.08125
4 0.58359375 0.3572916666666667 0.07421875 0.075
1 0.6828125 0.196875 0.07578125 0.034375
1 0.6734375 0.27395833333333336 0.07265625 0.030208333333333334
1 0.42890625 0.61875 0.065625 0.04791666666666667
1 0.35703125 0.39895833333333336 0.08984375 0.06458333333333334
1 0.55 0.41770833333333335 0.0484375 0.04895833333333333
1 0.6078125 0.41354166666666664 0.05859375 0.05
1 0.3296875 0.234375 0.08984375 0.04375