1 0.5578125 0.052083333333333336 0.0828125 0.07708333333333334
1 0.40546875 0.28125 0.071875 0.0375
1 0.71015625 0.2708333333333333 0.0671875 0.03333333333333333
1 0.70078125 0.33645833333333336 0.0640625 0.03333333333333333
1 0.4078125 0.41875 0.0625 0.05416666666666667
1 0.584375 0.4510416666666667 0.0453125 0.04583333333333333
1 0.6328125 0.45416666666666666 0.0546875 0.05
1 0.46875 0.6302083333333334 0.05 0.03958333333333333
3 0.22265625 0.32395833333333335 0.04375 0.022916666666666665
3 0.328125 0.3416666666666667 0.0421875 0.022916666666666665
3 0.75078125 0.41041666666666665 0.0328125 0.020833333333333332
3 0.8265625 0.42291666666666666 0.0296875 0.01875
2 0.30546875 0.19375 0.1046875 0.11041666666666666
5 0.28203125 0.29375 0.0515625 0.08125
5 0.79609375 0.3802083333333333 0.046875 0.07083333333333333
4 0.4328125 0.3729166666666667 0.053125 0.07708333333333334
4 0.61640625 0.40208333333333335 0.071875 0.07083333333333333
0 0.54140625 0.175 0.1078125 0.09583333333333334
0 0.525 0.30104166666666665 0.1046875 0.09166666666666666