1 0.57109375 0.09270833333333334 0.07734375 0.06875
1 0.78125 0.28020833333333334 0.06796875 0.03229166666666667
1 0.78828125 0.34375 0.07109375 0.03125
1 0.4953125 0.3416666666666667 0.07421875 0.035416666666666666
1 0.5171875 0.48125 0.059375 0.04895833333333333
1 0.67578125 0.48020833333333335 0.046875 0.04479166666666667
1 0.73828125 0.4739583333333333 0.04921875 0.04583333333333333
1 0.59765625 0.6875 0.04921875 0.040625
0 0.57734375 0.21458333333333332 0.10546875 0.08541666666666667
0 0.59140625 0.3416666666666667 0.1 0.084375
2 0.34375 0.27291666666666664 0.11953125 0.09583333333333334
5 0.3828125 0.378125 0.05078125 0.07916666666666666
5 0.88671875 0.3729166666666667 0.046875 0.06875
4 0.5140625 0.4270833333333333 0.06171875 0.07083333333333333
4 0.6984375 0.42291666666666666 0.06875 0.06666666666666667
3 0.3328125 0.4197916666666667 0.03984375 0.021875
3 0.43984375 0.41770833333333335 0.05 0.020833333333333332
3 0.8484375 0.409375 0.04375 0.01875
3 0.92578125 0.40625 0.046875 0.020833333333333332