1 0.509375 0.05 0.09609375 0.07291666666666667
1 0.38359375 0.296875 0.08828125 0.035416666666666666
1 0.7 0.253125 0.0859375 0.03229166666666667
1 0.69921875 0.325 0.08125 0.03125
1 0.5765625 0.459375 0.04453125 0.04791666666666667
1 0.63984375 0.45625 0.059375 0.052083333333333336
1 0.48515625 0.6666666666666666 0.065625 0.036458333333333336
1 0.4046875 0.4510416666666667 0.06953125 0.053125
0 0.50390625 0.18020833333333333 0.121875 0.09375
0 0.503125 0.31354166666666666 0.121875 0.096875
3 0.196875 0.3697916666666667 0.0515625 0.027083333333333334
3 0.31328125 0.375 0.046875 0.027083333333333334
3 0.75859375 0.396875 0.0484375 0.026041666666666668
3 0.83828125 0.39895833333333336 0.04296875 0.026041666666666668
5 0.26015625 0.32916666666666666 0.06484375 0.08958333333333333
5 0.80078125 0.35833333333333334 0.0546875 0.08125
4 0.4265625 0.390625 0.046875 0.06875
4 0.61015625 0.39895833333333336 0.08125 0.07916666666666666
2 0.25390625 0.228125 0.128125 0.11354166666666667