1 0.5359375 0.059375 0.0921875 0.08333333333333333
1 0.4046875 0.3072916666666667 0.0890625 0.04583333333333333
1 0.72421875 0.2864583333333333 0.0828125 0.035416666666666666
1 0.71875 0.359375 0.0796875 0.03958333333333333
1 0.5921875 0.4791666666666667 0.059375 0.05416666666666667
1 0.6515625 0.48333333333333334 0.059375 0.05625
1 0.41640625 0.459375 0.0828125 0.06875
1 0.4875 0.6802083333333333 0.065625 0.04583333333333333
3 0.2078125 0.35833333333333334 0.0546875 0.03125
3 0.33125 0.375 0.0578125 0.03333333333333333
3 0.77265625 0.43645833333333334 0.05 0.03125
3 0.853125 0.446875 0.0421875 0.027083333333333334
5 0.2734375 0.3229166666666667 0.06875 0.09166666666666666
5 0.8203125 0.4041666666666667 0.059375 0.08541666666666667
4 0.4390625 0.39479166666666665 0.05 0.07291666666666667
4 0.62890625 0.4197916666666667 0.0890625 0.09583333333333334
0 0.52734375 0.190625 0.115625 0.10625
0 0.5203125 0.3260416666666667 0.1234375 0.10416666666666667
2 0.271875 0.20833333333333334 0.13125 0.11875