1 0.5953125 0.08020833333333334 0.08125 0.075
1 0.81953125 0.23229166666666667 0.0734375 0.041666666666666664
1 0.8296875 0.296875 0.071875 0.041666666666666664
1 0.5359375 0.32708333333333334 0.0734375 0.041666666666666664
1 0.55703125 0.46458333333333335 0.0765625 0.06041666666666667
1 0.721875 0.446875 0.0546875 0.05
1 0.7875 0.4354166666666667 0.0609375 0.06041666666666667
1 0.653125 0.665625 0.059375 0.04583333333333333
0 0.609375 0.19791666666666666 0.1140625 0.1
0 0.6265625 0.31875 0.1125 0.09583333333333334
4 0.74296875 0.3885416666666667 0.0765625 0.07916666666666666
4 0.55546875 0.41041666666666665 0.0640625 0.07291666666666667
2 0.37734375 0.28541666666666665 0.1125 0.10833333333333334
5 0.425 0.375 0.0546875 0.08333333333333333
5 0.934375 0.3125 0.05625 0.07708333333333334
3 0.38125 0.421875 0.046875 0.022916666666666665
3 0.48203125 0.409375 0.046875 0.020833333333333332
3 0.90234375 0.353125 0.046875 0.022916666666666665
3 0.97421875 0.34375 0.0359375 0.022916666666666665