1 0.628125 0.065625 0.1 0.1
1 0.8109375 0.3375 0.08125 0.06041666666666667
1 0.8046875 0.4083333333333333 0.078125 0.05416666666666667
1 0.50078125 0.30625 0.084375 0.06041666666666667
1 0.66015625 0.5135416666666667 0.053125 0.06041666666666667
1 0.725 0.5260416666666666 0.065625 0.06458333333333334
1 0.4921875 0.46041666666666664 0.0796875 0.07708333333333334
1 0.5375 0.7 0.059375 0.05625
0 0.6125 0.2 0.125 0.12291666666666666
0 0.5984375 0.3375 0.128125 0.12708333333333333
2 0.3421875 0.17708333333333334 0.1328125 0.14375
5 0.3671875 0.30104166666666665 0.0734375 0.10416666666666667
5 0.89765625 0.46979166666666666 0.0640625 0.08541666666666667
3 0.30390625 0.3302083333333333 0.0453125 0.03958333333333333
3 0.42109375 0.365625 0.0484375 0.03958333333333333
3 0.85546875 0.496875 0.0421875 0.03125
3 0.93046875 0.5197916666666667 0.040625 0.03125
4 0.69296875 0.4625 0.084375 0.09375
4 0.50078125 0.403125 0.0796875 0.09583333333333334