1 0.50546875 0.08541666666666667 0.090625 0.08125
1 0.68125 0.31875 0.0765625 0.04375
1 0.6765625 0.3854166666666667 0.0734375 0.04375
1 0.3609375 0.325 0.0796875 0.05
1 0.371875 0.47604166666666664 0.0703125 0.06666666666666667
1 0.55625 0.5052083333333334 0.05625 0.05416666666666667
1 0.6109375 0.5114583333333333 0.0625 0.06041666666666667
4 0.39453125 0.4197916666666667 0.0578125 0.07916666666666666
4 0.5859375 0.4552083333333333 0.075 0.07708333333333334
5 0.22421875 0.33229166666666665 0.0625 0.08958333333333333
5 0.7765625 0.43645833333333334 0.053125 0.07708333333333334
2 0.2328125 0.22291666666666668 0.11875 0.125
3 0.1546875 0.36666666666666664 0.046875 0.029166666666666667
3 0.27890625 0.3885416666666667 0.040625 0.029166666666666667
3 0.734375 0.46770833333333334 0.0359375 0.025
3 0.81328125 0.48020833333333335 0.0328125 0.020833333333333332
0 0.49296875 0.21354166666666666 0.11875 0.10833333333333334
0 0.484375 0.346875 0.11875 0.10833333333333334
1 0.4390625 0.70625 0.05625 0.05