0 0.44375 0.11354166666666667 0.128125 0.12708333333333333
0 0.45 0.2604166666666667 0.1265625 0.12083333333333333
2 0.1796875 0.20729166666666668 0.1234375 0.13958333333333334
5 0.16328125 0.31875 0.0671875 0.09791666666666667
3 0.10234375 0.37604166666666666 0.05 0.035416666666666666
3 0.2296875 0.36041666666666666 0.0453125 0.03333333333333333
3 0.71640625 0.31354166666666666 0.0421875 0.025
3 0.79921875 0.3020833333333333 0.0390625 0.025
5 0.759375 0.2625 0.0640625 0.08333333333333333
4 0.359375 0.36354166666666665 0.06875 0.09166666666666666
4 0.56796875 0.34270833333333334 0.08125 0.0875
1 0.64921875 0.165625 0.078125 0.04791666666666667
1 0.6484375 0.24375 0.075 0.04375
1 0.4421875 0.63125 0.0703125 0.06041666666666667
1 0.34765625 0.42604166666666665 0.0953125 0.08125
1 0.540625 0.409375 0.053125 0.058333333333333334
1 0.59765625 0.39479166666666665 0.0625 0.06041666666666667
1 0.30390625 0.26875 0.09375 0.06041666666666667