0 0.5921875 0.15520833333333334 0.1125 0.10208333333333333
0 0.5828125 0.2989583333333333 0.1203125 0.10208333333333333
2 0.31484375 0.184375 0.1234375 0.12916666666666668
5 0.34921875 0.29583333333333334 0.0640625 0.09166666666666666
3 0.2859375 0.33541666666666664 0.04375 0.029166666666666667
3 0.40625 0.35 0.04375 0.029166666666666667
3 0.853125 0.41041666666666665 0.040625 0.025
3 0.9296875 0.4197916666666667 0.0390625 0.022916666666666665
5 0.8953125 0.375 0.0578125 0.07708333333333334
4 0.50546875 0.37916666666666665 0.0328125 0.07916666666666666
4 0.6875 0.40729166666666666 0.0796875 0.08125
1 0.59921875 0.03229166666666667 0.0890625 0.05625
1 0.796875 0.25625 0.0796875 0.03333333333333333
1 0.7953125 0.33125 0.0765625 0.035416666666666666
1 0.48046875 0.27708333333333335 0.0828125 0.04375
1 0.47734375 0.43645833333333334 0.0828125 0.06041666666666667
1 0.65234375 0.46145833333333336 0.053125 0.052083333333333336
1 0.71796875 0.4625 0.0625 0.058333333333333334
1 0.53515625 0.6666666666666666 0.059375 0.04791666666666667