1 0.56328125 0.17291666666666666 0.084375 0.07916666666666666
1 0.69296875 0.396875 0.0671875 0.041666666666666664
1 0.68203125 0.4552083333333333 0.065625 0.0375
1 0.39921875 0.365625 0.0734375 0.04583333333333333
1 0.3859375 0.49270833333333336 0.06875 0.06041666666666667
1 0.55703125 0.5479166666666667 0.0515625 0.052083333333333336
1 0.6078125 0.559375 0.059375 0.058333333333333334
4 0.59609375 0.50625 0.075 0.08125
4 0.415625 0.4479166666666667 0.065625 0.07708333333333334
5 0.27890625 0.35833333333333334 0.0578125 0.08541666666666667
5 0.77265625 0.5145833333333333 0.0515625 0.07708333333333334
2 0.31328125 0.2635416666666667 0.1046875 0.11458333333333333
3 0.215625 0.3770833333333333 0.05 0.03125
3 0.31796875 0.4083333333333333 0.05 0.03333333333333333
3 0.7296875 0.5364583333333334 0.0640625 0.03333333333333333
3 0.803125 0.5583333333333333 0.0375 0.027083333333333334
1 0.4265625 0.7166666666666667 0.0578125 0.05
0 0.53984375 0.284375 0.109375 0.10416666666666667
0 0.51328125 0.39375 0.109375 0.1