1 0.42734375 0.06041666666666667 0.10625 0.10208333333333333
1 0.35 0.340625 0.0921875 0.0625
1 0.64921875 0.19583333333333333 0.0890625 0.058333333333333334
1 0.66171875 0.265625 0.084375 0.05625
1 0.5671875 0.4354166666666667 0.0515625 0.06041666666666667
1 0.628125 0.4125 0.0671875 0.06875
1 0.515625 0.6666666666666666 0.0703125 0.05625
1 0.3984375 0.48333333333333334 0.0765625 0.075
0 0.44609375 0.18854166666666666 0.1359375 0.13125
0 0.46953125 0.3177083333333333 0.1359375 0.13333333333333333
3 0.18203125 0.471875 0.0546875 0.04375
3 0.29609375 0.43854166666666666 0.05 0.041666666666666664
3 0.73203125 0.31666666666666665 0.0515625 0.041666666666666664
3 0.81015625 0.29270833333333335 0.046875 0.03958333333333333
5 0.2359375 0.4114583333333333 0.0796875 0.10833333333333334
5 0.76640625 0.265625 0.0671875 0.09583333333333334
4 0.40859375 0.41770833333333335 0.0578125 0.08125
4 0.58828125 0.36666666666666664 0.09375 0.10208333333333333
2 0.21171875 0.315625 0.1453125 0.15208333333333332