1 0.46171875 0.08854166666666667 0.0859375 0.06666666666666667
1 0.65 0.29375 0.0734375 0.03333333333333333
1 0.6515625 0.3614583333333333 0.06953125 0.03229166666666667
1 0.33359375 0.3375 0.08046875 0.035416666666666666
1 0.53671875 0.496875 0.05 0.04583333333333333
1 0.59296875 0.49375 0.05078125 0.04791666666666667
1 0.34921875 0.4864583333333333 0.06640625 0.05520833333333333
1 0.434375 0.7125 0.0515625 0.04375
0 0.45859375 0.21666666666666667 0.10859375 0.08958333333333333
0 0.45859375 0.3458333333333333 0.1109375 0.08645833333333333
4 0.5640625 0.44166666666666665 0.06953125 0.06979166666666667
4 0.37109375 0.4322916666666667 0.04921875 0.07395833333333333
2 0.2046875 0.26145833333333335 0.1109375 0.10416666666666667
5 0.19609375 0.36770833333333336 0.05625 0.084375
5 0.7546875 0.39791666666666664 0.04765625 0.06979166666666667
3 0.13125 0.41041666666666665 0.040625 0.020833333333333332
3 0.253125 0.415625 0.04453125 0.021875
3 0.7109375 0.434375 0.04609375 0.014583333333333334
3 0.79375 0.4375 0.03984375 0.015625