1 0.42890625 0.328125 0.08515625 0.035416666666666666
1 0.73828125 0.28541666666666665 0.06875 0.020833333333333332
1 0.7375 0.353125 0.07109375 0.029166666666666667
1 0.5484375 0.08125 0.0875 0.06979166666666667
1 0.4359375 0.47708333333333336 0.06796875 0.051041666666666666
1 0.6125 0.4875 0.04453125 0.040625
1 0.66953125 0.484375 0.04765625 0.04479166666666667
1 0.50234375 0.696875 0.0609375 0.03125
0 0.540625 0.3375 0.10546875 0.084375
0 0.54296875 0.20416666666666666 0.1109375 0.08958333333333333
3 0.23671875 0.396875 0.03046875 0.025
3 0.35546875 0.403125 0.03125 0.019791666666666666
3 0.79453125 0.4270833333333333 0.04296875 0.020833333333333332
3 0.8765625 0.43020833333333336 0.03828125 0.023958333333333335
5 0.2984375 0.35 0.0609375 0.084375
5 0.83984375 0.3854166666666667 0.05 0.06354166666666666
4 0.46171875 0.4125 0.03828125 0.06354166666666666
4 0.64453125 0.4239583333333333 0.0734375 0.06354166666666666
2 0.28359375 0.24791666666666667 0.1078125 0.09479166666666666