1 0.47734375 0.07916666666666666 0.08984375 0.07708333333333334
1 0.3453125 0.321875 0.0890625 0.030208333333333334
1 0.66015625 0.2791666666666667 0.08671875 0.025
1 0.6578125 0.3489583333333333 0.078125 0.025
1 0.3625 0.46770833333333334 0.078125 0.057291666666666664
1 0.540625 0.4791666666666667 0.04296875 0.04791666666666667
1 0.6 0.47604166666666664 0.0546875 0.04791666666666667
1 0.4453125 0.6875 0.06640625 0.036458333333333336
0 0.471875 0.20416666666666666 0.1171875 0.096875
0 0.46796875 0.3333333333333333 0.10625 0.090625
3 0.15703125 0.390625 0.04921875 0.025
3 0.2734375 0.396875 0.0453125 0.025
3 0.71484375 0.4197916666666667 0.040625 0.019791666666666666
3 0.79609375 0.421875 0.05625 0.020833333333333332
5 0.2140625 0.34791666666666665 0.0546875 0.08645833333333333
5 0.7609375 0.378125 0.05 0.07395833333333333
4 0.38828125 0.40520833333333334 0.0546875 0.065625
4 0.57421875 0.41875 0.07109375 0.06979166666666667
2 0.22109375 0.24583333333333332 0.11796875 0.10833333333333334