1 0.4734375 0.16458333333333333 0.08125 0.07708333333333334
0 0.48046875 0.278125 0.1078125 0.10625
0 0.48828125 0.396875 0.1109375 0.10625
1 0.6578125 0.30625 0.071875 0.04375
1 0.6609375 0.36770833333333336 0.065625 0.04375
1 0.4953125 0.7385416666666667 0.05625 0.05416666666666667
1 0.396875 0.5489583333333333 0.0765625 0.06875
1 0.571875 0.5145833333333333 0.053125 0.05416666666666667
1 0.62265625 0.5 0.059375 0.058333333333333334
4 0.59375 0.45625 0.075 0.07708333333333334
4 0.41171875 0.49270833333333336 0.0640625 0.07916666666666666
2 0.2640625 0.371875 0.1109375 0.12083333333333333
5 0.26015625 0.47604166666666664 0.059375 0.08958333333333333
5 0.76328125 0.37604166666666666 0.0578125 0.08125
3 0.20625 0.5270833333333333 0.0484375 0.03333333333333333
3 0.31015625 0.5052083333333334 0.0546875 0.035416666666666666
3 0.72578125 0.4197916666666667 0.0515625 0.03125
3 0.8046875 0.403125 0.046875 0.029166666666666667