1 0.46484375 0.309375 0.0890625 0.06458333333333334
1 0.771875 0.375 0.0703125 0.04375
1 0.7578125 0.4395833333333333 0.075 0.052083333333333336
1 0.628125 0.1125 0.0984375 0.09791666666666667
1 0.4421875 0.45625 0.075 0.07291666666666667
1 0.6109375 0.5270833333333333 0.0515625 0.05416666666666667
1 0.66640625 0.54375 0.0546875 0.06041666666666667
1 0.4640625 0.690625 0.065625 0.052083333333333336
0 0.57109375 0.3572916666666667 0.11875 0.11875
0 0.59921875 0.22916666666666666 0.125 0.125
3 0.265625 0.309375 0.034375 0.035416666666666666
3 0.37890625 0.35625 0.034375 0.029166666666666667
3 0.7984375 0.53125 0.0453125 0.035416666666666666
3 0.87734375 0.5625 0.0421875 0.035416666666666666
5 0.334375 0.28541666666666665 0.075 0.10208333333333333
5 0.85078125 0.50625 0.0609375 0.07916666666666666
4 0.4796875 0.40208333333333335 0.05 0.075
4 0.6546875 0.47604166666666664 0.0828125 0.0875
2 0.33984375 0.18229166666666666 0.121875 0.12916666666666668