1 0.5453125 0.0375 0.090625 0.075
1 0.77265625 0.24166666666666667 0.0765625 0.03958333333333333
1 0.77890625 0.31354166666666666 0.075 0.035416666666666666
1 0.465625 0.3125 0.08125 0.03958333333333333
1 0.6578125 0.46041666666666664 0.046875 0.05
1 0.72265625 0.453125 0.059375 0.05
1 0.48515625 0.4635416666666667 0.0734375 0.058333333333333334
1 0.57265625 0.68125 0.053125 0.041666666666666664
0 0.55546875 0.17291666666666666 0.1140625 0.09375
0 0.56640625 0.3104166666666667 0.1171875 0.09791666666666667
2 0.28828125 0.2375 0.11875 0.11458333333333333
5 0.334375 0.35 0.0625 0.08958333333333333
5 0.8796875 0.3416666666666667 0.0546875 0.07291666666666667
3 0.27890625 0.39895833333333336 0.0421875 0.029166666666666667
3 0.39921875 0.39479166666666665 0.0453125 0.027083333333333334
3 0.84453125 0.38229166666666664 0.040625 0.020833333333333332
3 0.92109375 0.38125 0.0390625 0.020833333333333332
4 0.68046875 0.4010416666666667 0.075 0.075
4 0.4828125 0.40520833333333334 0.06875 0.07916666666666666