1 0.50703125 0.034375 0.0921875 0.06875
1 0.7578125 0.16979166666666667 0.078125 0.05625
1 0.77109375 0.23541666666666666 0.08125 0.05416666666666667
1 0.47265625 0.3072916666666667 0.0890625 0.058333333333333334
1 0.50234375 0.45625 0.08125 0.07708333333333334
1 0.6671875 0.4125 0.059375 0.0625
1 0.734375 0.3885416666666667 0.065625 0.0625
1 0.61015625 0.6541666666666667 0.0625 0.058333333333333334
2 0.27109375 0.28229166666666666 0.1296875 0.14375
5 0.35 0.37604166666666666 0.071875 0.10416666666666667
5 0.87265625 0.23958333333333334 0.0625 0.08333333333333333
3 0.30234375 0.4375 0.0515625 0.03958333333333333
3 0.4203125 0.40625 0.0421875 0.035416666666666666
3 0.84453125 0.290625 0.0421875 0.03125
3 0.91640625 0.26875 0.0390625 0.029166666666666667
0 0.53125 0.153125 0.125 0.125
0 0.56015625 0.2864583333333333 0.128125 0.125
4 0.684375 0.3489583333333333 0.09375 0.09375
4 0.49609375 0.39791666666666664 0.0734375 0.08958333333333333