1 0.47734375 0.03958333333333333 0.0984375 0.07916666666666666
1 0.69609375 0.21875 0.0875 0.0375
1 0.69921875 0.28958333333333336 0.084375 0.03958333333333333
1 0.38046875 0.31666666666666665 0.1 0.05
1 0.41015625 0.465625 0.084375 0.06666666666666667
1 0.590625 0.446875 0.046875 0.05416666666666667
1 0.6484375 0.4322916666666667 0.05625 0.06041666666666667
1 0.51484375 0.66875 0.0671875 0.04375
0 0.4875 0.171875 0.1296875 0.11458333333333333
0 0.49921875 0.3104166666666667 0.125 0.1125
3 0.196875 0.42291666666666666 0.05625 0.035416666666666666
3 0.31484375 0.40729166666666666 0.05 0.03333333333333333
3 0.76640625 0.3572916666666667 0.0546875 0.03125
3 0.84765625 0.34375 0.05 0.03333333333333333
5 0.25234375 0.36770833333333336 0.06875 0.1
5 0.81015625 0.3125 0.0671875 0.0875
4 0.4296875 0.4 0.059375 0.07083333333333333
4 0.6125 0.37604166666666666 0.0859375 0.0875
2 0.23984375 0.26145833333333335 0.146875 0.13125