1 0.42734375 0.325 0.08984375 0.030208333333333334
1 0.73125 0.3416666666666667 0.071875 0.026041666666666668
1 0.6171875 0.475 0.04375 0.046875
1 0.67734375 0.4708333333333333 0.05234375 0.04791666666666667
1 0.44921875 0.475 0.065625 0.05520833333333333
1 0.728125 0.2708333333333333 0.0734375 0.029166666666666667
1 0.521875 0.07083333333333333 0.0890625 0.06979166666666667
1 0.52734375 0.6927083333333334 0.0609375 0.040625
0 0.53359375 0.33125 0.1046875 0.08333333333333333
0 0.52578125 0.2 0.1046875 0.09270833333333334
2 0.26484375 0.246875 0.10859375 0.10833333333333334
3 0.24140625 0.40208333333333335 0.03203125 0.022916666666666665
3 0.3625 0.4041666666666667 0.03046875 0.021875
3 0.79609375 0.4083333333333333 0.03515625 0.022916666666666665
3 0.875 0.4083333333333333 0.0328125 0.021875
5 0.2984375 0.3541666666666667 0.05859375 0.08125
5 0.83359375 0.36875 0.05703125 0.07083333333333333
4 0.4671875 0.4114583333333333 0.0328125 0.065625
4 0.63984375 0.415625 0.084375 0.06041666666666667