0 0.48515625 0.10416666666666667 0.128125 0.11666666666666667
0 0.47109375 0.25 0.1265625 0.1125
2 0.21796875 0.12291666666666666 0.1171875 0.13125
5 0.18046875 0.228125 0.065625 0.09791666666666667
3 0.1140625 0.2635416666666667 0.0390625 0.029166666666666667
3 0.23828125 0.2864583333333333 0.040625 0.029166666666666667
1 0.32578125 0.22083333333333333 0.0859375 0.052083333333333336
1 0.34296875 0.384375 0.1 0.07291666666666667
1 0.409375 0.6083333333333333 0.065625 0.05
1 0.5375 0.4197916666666667 0.0546875 0.052083333333333336
1 0.59375 0.42291666666666666 0.0640625 0.058333333333333334
4 0.571875 0.36770833333333336 0.08125 0.08541666666666667
4 0.36328125 0.3260416666666667 0.0671875 0.0875
5 0.77265625 0.34270833333333334 0.05625 0.08125
3 0.71953125 0.37604166666666666 0.0375 0.022916666666666665
3 0.8078125 0.390625 0.034375 0.025
1 0.665625 0.290625 0.0765625 0.03958333333333333
1 0.67421875 0.2125 0.0734375 0.0375