1 0.43515625 0.31875 0.090625 0.041666666666666664
1 0.75234375 0.29583333333333334 0.0921875 0.029166666666666667
1 0.7453125 0.37083333333333335 0.0765625 0.03333333333333333
1 0.61328125 0.49375 0.046875 0.052083333333333336
1 0.67421875 0.49583333333333335 0.053125 0.05625
1 0.4421875 0.47708333333333336 0.0640625 0.06041666666666667
1 0.5796875 0.07916666666666666 0.0875 0.07291666666666667
1 0.49296875 0.6958333333333333 0.0625 0.035416666666666666
0 0.5640625 0.20729166666666668 0.1109375 0.09583333333333334
0 0.5484375 0.340625 0.1140625 0.09375
3 0.2375 0.378125 0.05 0.029166666666666667
3 0.3546875 0.39375 0.04375 0.027083333333333334
3 0.8046875 0.45 0.05 0.03125
3 0.8828125 0.4583333333333333 0.0484375 0.029166666666666667
5 0.303125 0.33541666666666664 0.0625 0.08541666666666667
5 0.8453125 0.4125 0.0546875 0.075
2 0.3046875 0.228125 0.13125 0.12083333333333333
4 0.46484375 0.4114583333333333 0.046875 0.07083333333333333
4 0.6515625 0.43854166666666666 0.0875 0.07083333333333333