1 0.44765625 0.04375 0.1015625 0.0875
1 0.36171875 0.32083333333333336 0.0984375 0.06041666666666667
1 0.67109375 0.18541666666666667 0.0953125 0.05416666666666667
1 0.6796875 0.25729166666666664 0.0890625 0.058333333333333334
1 0.40625 0.4625 0.078125 0.075
1 0.58203125 0.4270833333333333 0.059375 0.06458333333333334
1 0.640625 0.4041666666666667 0.0640625 0.06875
1 0.5171875 0.6572916666666667 0.0671875 0.05416666666666667
0 0.4671875 0.16979166666666667 0.1265625 0.125
0 0.48515625 0.3020833333333333 0.128125 0.12083333333333333
3 0.19375 0.44375 0.0546875 0.041666666666666664
3 0.30703125 0.4166666666666667 0.046875 0.0375
3 0.74921875 0.3145833333333333 0.0515625 0.035416666666666666
3 0.82890625 0.29270833333333335 0.05 0.03958333333333333
5 0.24453125 0.3885416666666667 0.075 0.11041666666666666
5 0.78515625 0.26458333333333334 0.06875 0.09375
4 0.41875 0.3958333333333333 0.0578125 0.07916666666666666
4 0.603125 0.35833333333333334 0.0875 0.10416666666666667
2 0.22421875 0.2875 0.1296875 0.13958333333333334