1 0.58125 0.035416666666666666 0.084375 0.07083333333333333
1 0.80390625 0.24895833333333334 0.075 0.035416666666666666
1 0.80625 0.31666666666666665 0.078125 0.03333333333333333
1 0.503125 0.30416666666666664 0.084375 0.035416666666666666
1 0.509375 0.4583333333333333 0.075 0.058333333333333334
1 0.67734375 0.46041666666666664 0.053125 0.05
1 0.746875 0.45625 0.059375 0.04791666666666667
1 0.58359375 0.68125 0.05625 0.04375
2 0.31015625 0.22395833333333334 0.115625 0.1125
5 0.37265625 0.3375 0.059375 0.08958333333333333
5 0.9046875 0.3489583333333333 0.053125 0.07083333333333333
3 0.31640625 0.384375 0.046875 0.027083333333333334
3 0.43671875 0.38645833333333335 0.0375 0.025
3 0.86953125 0.390625 0.040625 0.020833333333333332
3 0.94296875 0.38958333333333334 0.0375 0.01875
0 0.584375 0.16979166666666667 0.1125 0.09583333333333334
0 0.5921875 0.30833333333333335 0.115625 0.09375
4 0.70390625 0.403125 0.084375 0.07291666666666667
4 0.51171875 0.39895833333333336 0.0625 0.075