1 0.45078125 0.041666666666666664 0.1109375 0.08333333333333333
1 0.41328125 0.3145833333333333 0.0921875 0.05625
1 0.68515625 0.171875 0.08125 0.052083333333333336
1 0.7046875 0.240625 0.0765625 0.05
1 0.60390625 0.41354166666666664 0.0546875 0.058333333333333334
1 0.66796875 0.384375 0.0625 0.06875
1 0.44921875 0.46145833333333336 0.0765625 0.07708333333333334
1 0.55 0.646875 0.0609375 0.05416666666666667
0 0.47421875 0.16145833333333334 0.128125 0.13333333333333333
0 0.5015625 0.2947916666666667 0.1265625 0.12916666666666668
3 0.2453125 0.45 0.0546875 0.04583333333333333
3 0.36015625 0.4125 0.05 0.04583333333333333
3 0.7734375 0.2947916666666667 0.053125 0.04375
3 0.8375 0.26979166666666665 0.046875 0.04375
5 0.29296875 0.3875 0.078125 0.11041666666666666
5 0.8015625 0.240625 0.071875 0.08958333333333333
4 0.45703125 0.390625 0.0390625 0.07708333333333334
4 0.62265625 0.3416666666666667 0.090625 0.11041666666666666
2 0.2171875 0.290625 0.1375 0.15