1 0.5359375 0.15208333333333332 0.078125 0.06458333333333334
1 0.71796875 0.346875 0.0703125 0.03333333333333333
1 0.7203125 0.40729166666666666 0.065625 0.03125
1 0.43515625 0.38645833333333335 0.071875 0.03333333333333333
1 0.44765625 0.5197916666666667 0.0671875 0.05416666666666667
1 0.615625 0.5302083333333333 0.0515625 0.04791666666666667
1 0.67109375 0.5270833333333333 0.0546875 0.04583333333333333
1 0.52734375 0.7291666666666666 0.053125 0.04375
0 0.53671875 0.2708333333333333 0.1046875 0.0875
0 0.540625 0.39166666666666666 0.103125 0.08958333333333333
2 0.3015625 0.3072916666666667 0.1046875 0.1
5 0.31640625 0.4125 0.0515625 0.07916666666666666
5 0.8171875 0.4395833333333333 0.0453125 0.06875
3 0.26328125 0.446875 0.0421875 0.01875
3 0.36875 0.453125 0.0421875 0.020833333333333332
3 0.778125 0.4739583333333333 0.0390625 0.01875
3 0.85390625 0.47708333333333336 0.040625 0.020833333333333332
4 0.6390625 0.478125 0.0703125 0.06666666666666667
4 0.45078125 0.4666666666666667 0.06875 0.06875