1 0.55859375 0.06458333333333334 0.0953125 0.09166666666666666
1 0.41484375 0.2989583333333333 0.090625 0.05416666666666667
1 0.73515625 0.30833333333333335 0.0828125 0.04375
1 0.72578125 0.3802083333333333 0.0796875 0.04583333333333333
1 0.59296875 0.48854166666666665 0.0625 0.058333333333333334
1 0.65234375 0.496875 0.0625 0.06041666666666667
1 0.41875 0.4510416666666667 0.084375 0.075
1 0.478125 0.6791666666666667 0.0671875 0.052083333333333336
3 0.21640625 0.33125 0.0546875 0.035416666666666666
3 0.33828125 0.359375 0.059375 0.03958333333333333
3 0.775 0.4625 0.0515625 0.035416666666666666
3 0.85546875 0.48020833333333335 0.0421875 0.03125
5 0.2828125 0.3020833333333333 0.071875 0.09791666666666667
5 0.82421875 0.434375 0.0640625 0.09166666666666666
4 0.44453125 0.38958333333333334 0.053125 0.07708333333333334
4 0.6328125 0.4322916666666667 0.0921875 0.10208333333333333
0 0.54375 0.19375 0.1203125 0.11458333333333333
0 0.52890625 0.328125 0.1265625 0.11458333333333333
2 0.28828125 0.1875 0.1359375 0.12916666666666668