0 0.40390625 0.13229166666666667 0.1359375 0.13541666666666666
0 0.415625 0.278125 0.13125 0.12708333333333333
2 0.15078125 0.24375 0.125 0.14375
5 0.13359375 0.3614583333333333 0.0671875 0.10208333333333333
3 0.07265625 0.41770833333333335 0.053125 0.04791666666666667
3 0.1984375 0.3958333333333333 0.0484375 0.03958333333333333
1 0.3125 0.44895833333333335 0.121875 0.09791666666666667
1 0.2703125 0.29583333333333334 0.0953125 0.06875
4 0.32265625 0.38125 0.071875 0.08958333333333333
4 0.53515625 0.35104166666666664 0.0796875 0.08958333333333333
1 0.5078125 0.4166666666666667 0.0546875 0.06041666666666667
1 0.5578125 0.40208333333333335 0.0703125 0.06666666666666667
1 0.6078125 0.24895833333333334 0.075 0.04375
1 0.60234375 0.17083333333333334 0.0765625 0.04375
5 0.71875 0.259375 0.059375 0.08125
3 0.6765625 0.31145833333333334 0.040625 0.03125
3 0.75859375 0.29583333333333334 0.0328125 0.027083333333333334
1 0.4296875 0.6458333333333334 0.0578125 0.052083333333333336
1 0.39765625 0.021875 0.06875 0.025