0 0.5828125 0.30625 0.1359375 0.13125
0 0.60078125 0.165625 0.1375 0.13541666666666666
1 0.6984375 0.49270833333333336 0.0703125 0.07083333333333333
1 0.63203125 0.4791666666666667 0.0625 0.06666666666666667
1 0.45859375 0.42083333333333334 0.1015625 0.09166666666666666
1 0.4734375 0.2635416666666667 0.0953125 0.06458333333333334
1 0.50078125 0.6572916666666667 0.0625 0.06041666666666667
1 0.78515625 0.37604166666666666 0.084375 0.05625
1 0.79140625 0.30104166666666665 0.0859375 0.05
2 0.33203125 0.13645833333333332 0.134375 0.14375
1 0.62421875 0.04791666666666667 0.1 0.07083333333333333
5 0.33984375 0.25625 0.0796875 0.11041666666666666
5 0.8796875 0.4354166666666667 0.0578125 0.08125
3 0.27734375 0.2875 0.071875 0.052083333333333336
3 0.3890625 0.32395833333333335 0.0609375 0.04375
3 0.828125 0.46770833333333334 0.05625 0.03958333333333333
3 0.90703125 0.4895833333333333 0.05 0.03333333333333333
4 0.67109375 0.425 0.09375 0.10625
4 0.4953125 0.365625 0.0609375 0.08541666666666667