1 0.584375 0.08645833333333333 0.0921875 0.08333333333333333
1 0.759375 0.31875 0.0765625 0.041666666666666664
1 0.753125 0.3875 0.0765625 0.0375
1 0.45078125 0.31354166666666666 0.0890625 0.04375
1 0.44921875 0.4666666666666667 0.0703125 0.0625
1 0.6140625 0.5010416666666667 0.04375 0.052083333333333336
1 0.67890625 0.50625 0.05625 0.05625
1 0.4984375 0.6958333333333333 0.0578125 0.041666666666666664
0 0.57109375 0.21145833333333333 0.11875 0.10833333333333334
0 0.5578125 0.34270833333333334 0.1140625 0.10208333333333333
3 0.25859375 0.35833333333333334 0.0453125 0.035416666666666666
3 0.37421875 0.3802083333333333 0.0421875 0.03333333333333333
3 0.809375 0.46770833333333334 0.05 0.03333333333333333
3 0.8875 0.48333333333333334 0.0453125 0.029166666666666667
5 0.32109375 0.321875 0.071875 0.09375
5 0.85078125 0.434375 0.0546875 0.07916666666666666
4 0.478125 0.40625 0.0453125 0.06666666666666667
4 0.6546875 0.4479166666666667 0.0921875 0.08125
2 0.3078125 0.21354166666666666 0.1203125 0.12083333333333333