1 0.4765625 0.027083333333333334 0.103125 0.05416666666666667
1 0.3296875 0.2677083333333333 0.0921875 0.04583333333333333
1 0.66171875 0.24791666666666667 0.0890625 0.035416666666666666
1 0.65078125 0.32083333333333336 0.078125 0.035416666666666666
1 0.3421875 0.4239583333333333 0.075 0.0625
1 0.521875 0.44375 0.046875 0.052083333333333336
1 0.57578125 0.4479166666666667 0.046875 0.04791666666666667
1 0.41171875 0.6427083333333333 0.0640625 0.035416666666666666
0 0.4703125 0.14895833333333333 0.11875 0.10625
0 0.459375 0.2875 0.121875 0.1
3 0.12109375 0.3302083333333333 0.053125 0.029166666666666667
3 0.2515625 0.3416666666666667 0.053125 0.03333333333333333
3 0.7015625 0.3958333333333333 0.05 0.03125
3 0.78203125 0.4041666666666667 0.04375 0.029166666666666667
4 0.36875 0.36041666666666666 0.059375 0.07083333333333333
4 0.56171875 0.3802083333333333 0.0890625 0.08541666666666667
5 0.19140625 0.2864583333333333 0.0640625 0.09375
5 0.75 0.3614583333333333 0.0515625 0.07916666666666666
2 0.21015625 0.16770833333333332 0.1234375 0.14375