1 0.484375 0.078125 0.08125 0.07916666666666666
1 0.653125 0.24895833333333334 0.0671875 0.03958333333333333
1 0.65078125 0.3145833333333333 0.0640625 0.0375
1 0.36171875 0.3375 0.0765625 0.05
1 0.37578125 0.46770833333333334 0.0703125 0.0625
1 0.55234375 0.453125 0.046875 0.05
1 0.6 0.44375 0.05625 0.05416666666666667
1 0.459375 0.6604166666666667 0.0515625 0.04791666666666667
0 0.48203125 0.19895833333333332 0.109375 0.10625
0 0.48046875 0.3229166666666667 0.109375 0.10208333333333333
2 0.25546875 0.278125 0.109375 0.11666666666666667
5 0.24375 0.38333333333333336 0.0546875 0.0875
5 0.74921875 0.33229166666666665 0.0515625 0.07291666666666667
3 0.18359375 0.4270833333333333 0.0359375 0.029166666666666667
3 0.290625 0.4166666666666667 0.0390625 0.029166666666666667
3 0.70390625 0.37395833333333334 0.04375 0.03125
3 0.78046875 0.3625 0.04375 0.027083333333333334
4 0.578125 0.396875 0.071875 0.075
4 0.39609375 0.41458333333333336 0.0625 0.07916666666666666