1 0.4921875 0.03958333333333333 0.09375 0.07916666666666666
1 0.3640625 0.2947916666666667 0.0984375 0.03958333333333333
1 0.67578125 0.3375 0.08125 0.03333333333333333
1 0.68203125 0.2677083333333333 0.0875 0.03125
1 0.3765625 0.44895833333333335 0.0828125 0.06041666666666667
1 0.546875 0.4635416666666667 0.0453125 0.052083333333333336
1 0.61171875 0.465625 0.059375 0.052083333333333336
1 0.44765625 0.6666666666666666 0.0625 0.04375
0 0.4828125 0.17291666666666666 0.1265625 0.10833333333333334
0 0.4796875 0.30833333333333335 0.1234375 0.10625
3 0.171875 0.35520833333333335 0.0609375 0.027083333333333334
3 0.28828125 0.3697916666666667 0.05 0.03125
3 0.73515625 0.4125 0.0453125 0.027083333333333334
3 0.8125 0.42083333333333334 0.0515625 0.03333333333333333
5 0.22734375 0.3145833333333333 0.0640625 0.09375
5 0.77734375 0.37916666666666665 0.0515625 0.07916666666666666
4 0.39921875 0.3854166666666667 0.05 0.07291666666666667
4 0.584375 0.4 0.084375 0.08958333333333333
2 0.22265625 0.19375 0.1421875 0.13333333333333333