0 0.5765625 0.15104166666666666 0.11875 0.10833333333333334
0 0.57421875 0.29583333333333334 0.125 0.10625
2 0.296875 0.18020833333333333 0.1328125 0.13125
5 0.35 0.290625 0.06875 0.09583333333333334
5 0.88046875 0.3729166666666667 0.0609375 0.07708333333333334
4 0.50390625 0.3802083333333333 0.0234375 0.08333333333333333
4 0.67578125 0.4010416666666667 0.0859375 0.08125
1 0.5765625 0.03125 0.0875 0.058333333333333334
1 0.78828125 0.253125 0.0828125 0.03333333333333333
1 0.78515625 0.328125 0.08125 0.0375
1 0.4765625 0.27395833333333336 0.0921875 0.04791666666666667
1 0.48046875 0.43645833333333334 0.0765625 0.06041666666666667
1 0.6484375 0.45729166666666665 0.059375 0.058333333333333334
1 0.71171875 0.46041666666666664 0.0625 0.058333333333333334
1 0.53671875 0.6666666666666666 0.0640625 0.052083333333333336
3 0.28984375 0.33229166666666665 0.053125 0.03333333333333333
3 0.409375 0.346875 0.040625 0.03125
3 0.84375 0.40729166666666666 0.040625 0.027083333333333334
3 0.91796875 0.4166666666666667 0.04375 0.029166666666666667