1 0.4015625 0.084375 0.1 0.09375
1 0.3234375 0.36875 0.1046875 0.05625
1 0.63046875 0.23333333333333334 0.0796875 0.04791666666666667
1 0.64375 0.29791666666666666 0.0796875 0.04791666666666667
1 0.37734375 0.5104166666666666 0.0796875 0.07708333333333334
1 0.55546875 0.4635416666666667 0.0578125 0.0625
1 0.61015625 0.4427083333333333 0.059375 0.06666666666666667
1 0.50078125 0.696875 0.071875 0.058333333333333334
0 0.4234375 0.21354166666666666 0.13125 0.12708333333333333
0 0.45078125 0.3416666666666667 0.128125 0.12291666666666666
3 0.15078125 0.5 0.059375 0.04375
3 0.27265625 0.46875 0.0546875 0.041666666666666664
3 0.7171875 0.35 0.0515625 0.0375
3 0.79609375 0.328125 0.0515625 0.03958333333333333
5 0.2 0.4375 0.075 0.1
5 0.7484375 0.2989583333333333 0.065625 0.0875
4 0.38203125 0.44583333333333336 0.0609375 0.08333333333333333
4 0.57109375 0.3927083333333333 0.084375 0.09166666666666666
2 0.18046875 0.3229166666666667 0.1328125 0.13125