0 0.52734375 0.3020833333333333 0.13125 0.10833333333333334
0 0.51328125 0.16875 0.121875 0.11666666666666667
1 0.503125 0.03958333333333333 0.09375 0.07916666666666666
1 0.41484375 0.3104166666666667 0.0796875 0.04791666666666667
1 0.7265625 0.2791666666666667 0.084375 0.04375
1 0.71875 0.20416666666666666 0.0765625 0.0375
1 0.61484375 0.4375 0.04375 0.05416666666666667
1 0.67734375 0.41875 0.05 0.05625
1 0.446875 0.46458333333333335 0.0671875 0.06875
1 0.54140625 0.6614583333333334 0.053125 0.05416666666666667
5 0.29296875 0.3697916666666667 0.06875 0.09791666666666667
5 0.83203125 0.29270833333333335 0.05625 0.08333333333333333
3 0.7953125 0.3385416666666667 0.05 0.03333333333333333
3 0.23671875 0.421875 0.0421875 0.03333333333333333
3 0.35546875 0.4041666666666667 0.040625 0.03333333333333333
3 0.88203125 0.321875 0.0515625 0.03125
2 0.2578125 0.2604166666666667 0.121875 0.11666666666666667
4 0.64296875 0.365625 0.0859375 0.07708333333333334
4 0.4625 0.3927083333333333 0.0484375 0.07083333333333333