1 0.53828125 0.6739583333333333 0.05625 0.04791666666666667
1 0.44765625 0.4666666666666667 0.0734375 0.0625
1 0.61875 0.44895833333333335 0.0515625 0.05
1 0.678125 0.4354166666666667 0.05 0.052083333333333336
1 0.42734375 0.3177083333333333 0.0921875 0.04375
1 0.728125 0.225 0.0796875 0.03125
1 0.7328125 0.29583333333333334 0.075 0.0375
1 0.51484375 0.04895833333333333 0.0921875 0.07916666666666666
0 0.52421875 0.17708333333333334 0.1140625 0.10833333333333334
0 0.5359375 0.3104166666666667 0.1125 0.1
3 0.23984375 0.4166666666666667 0.04375 0.03333333333333333
3 0.3578125 0.403125 0.0359375 0.03125
3 0.803125 0.3572916666666667 0.04375 0.029166666666666667
3 0.8796875 0.34791666666666665 0.040625 0.027083333333333334
4 0.46640625 0.39895833333333336 0.0453125 0.06875
4 0.64609375 0.3770833333333333 0.084375 0.08333333333333333
2 0.26328125 0.259375 0.115625 0.11458333333333333
5 0.2953125 0.36354166666666665 0.0734375 0.09583333333333334
5 0.83671875 0.31354166666666666 0.0578125 0.08125