1 0.41484375 0.090625 0.09375 0.08958333333333333
1 0.64296875 0.246875 0.071875 0.05
1 0.65390625 0.31354166666666666 0.075 0.04791666666666667
1 0.34140625 0.3729166666666667 0.0828125 0.05416666666666667
1 0.38125 0.515625 0.078125 0.06875
1 0.56875 0.4739583333333333 0.0578125 0.058333333333333334
1 0.61953125 0.4583333333333333 0.0609375 0.06041666666666667
1 0.50234375 0.7114583333333333 0.0625 0.05625
0 0.4375 0.21875 0.121875 0.11666666666666667
0 0.4578125 0.3489583333333333 0.1265625 0.11666666666666667
2 0.18515625 0.32916666666666666 0.1265625 0.13333333333333333
5 0.2109375 0.4354166666666667 0.06875 0.09791666666666667
5 0.759375 0.321875 0.0578125 0.07916666666666666
3 0.15703125 0.496875 0.040625 0.03125
3 0.27890625 0.46770833333333334 0.0375 0.029166666666666667
3 0.728125 0.36875 0.0421875 0.027083333333333334
3 0.80390625 0.35104166666666664 0.04375 0.029166666666666667
4 0.58125 0.4166666666666667 0.0796875 0.0875
4 0.3796875 0.4583333333333333 0.078125 0.09375