1 0.565625 0.075 0.08203125 0.06666666666666667
1 0.4390625 0.325 0.0875 0.029166666666666667
1 0.76328125 0.28229166666666666 0.08515625 0.027083333333333334
1 0.75390625 0.35625 0.0796875 0.03125
1 0.4546875 0.4822916666666667 0.0609375 0.05416666666666667
1 0.62265625 0.4895833333333333 0.046875 0.04791666666666667
1 0.68828125 0.4864583333333333 0.0546875 0.046875
1 0.51640625 0.6989583333333333 0.053125 0.035416666666666666
0 0.5609375 0.20208333333333334 0.10390625 0.08958333333333333
0 0.5515625 0.33958333333333335 0.1078125 0.08229166666666667
3 0.25078125 0.39895833333333336 0.05078125 0.029166666666666667
3 0.36953125 0.40520833333333334 0.04140625 0.023958333333333335
3 0.8171875 0.43125 0.06328125 0.023958333333333335
3 0.89453125 0.4322916666666667 0.04921875 0.022916666666666665
5 0.3125 0.3541666666666667 0.05859375 0.08229166666666667
5 0.8578125 0.38645833333333335 0.053125 0.06354166666666666
4 0.4734375 0.41770833333333335 0.040625 0.065625
4 0.6578125 0.428125 0.08515625 0.075
2 0.30546875 0.24583333333333332 0.11875 0.11979166666666667