1 0.46171875 0.31354166666666666 0.090625 0.05625
1 0.765625 0.42083333333333334 0.078125 0.04583333333333333
1 0.78359375 0.353125 0.08125 0.04791666666666667
1 0.62109375 0.10104166666666667 0.090625 0.08958333333333333
1 0.45390625 0.4666666666666667 0.071875 0.06875
1 0.62109375 0.5197916666666667 0.05 0.06041666666666667
1 0.6828125 0.534375 0.053125 0.05625
1 0.48671875 0.6979166666666666 0.05625 0.04583333333333333
0 0.59765625 0.22604166666666667 0.1109375 0.11041666666666666
0 0.571875 0.3541666666666667 0.11875 0.11041666666666666
3 0.26796875 0.3375 0.040625 0.0375
3 0.38046875 0.37083333333333335 0.0390625 0.03333333333333333
3 0.815625 0.509375 0.04375 0.03125
3 0.89296875 0.5302083333333333 0.046875 0.0375
4 0.48515625 0.40625 0.053125 0.07083333333333333
4 0.66328125 0.46979166666666666 0.0875 0.0875
5 0.33359375 0.309375 0.071875 0.10208333333333333
5 0.86015625 0.47708333333333336 0.06875 0.08541666666666667
2 0.33984375 0.203125 0.1359375 0.12708333333333333