1 0.49765625 0.08854166666666667 0.0875 0.08541666666666667
1 0.7375 0.19895833333333332 0.071875 0.05
1 0.7546875 0.25833333333333336 0.0703125 0.052083333333333336
1 0.47578125 0.34479166666666666 0.078125 0.05416666666666667
1 0.51796875 0.471875 0.071875 0.07083333333333333
1 0.67421875 0.421875 0.0546875 0.058333333333333334
1 0.73125 0.396875 0.059375 0.0625
1 0.63671875 0.6479166666666667 0.0546875 0.05
4 0.68359375 0.36354166666666665 0.078125 0.0875
4 0.5046875 0.42291666666666666 0.0734375 0.08333333333333333
5 0.36953125 0.41354166666666664 0.0640625 0.09375
5 0.8546875 0.25416666666666665 0.0578125 0.07916666666666666
3 0.33203125 0.46875 0.0453125 0.03125
3 0.828125 0.30104166666666665 0.0421875 0.029166666666666667
3 0.903125 0.27395833333333336 0.04375 0.027083333333333334
2 0.3078125 0.32916666666666666 0.121875 0.125
0 0.528125 0.20104166666666667 0.1140625 0.1125
0 0.56484375 0.31666666666666665 0.1125 0.11041666666666666
3 0.4359375 0.434375 0.0453125 0.03333333333333333