1 0.4484375 0.03958333333333333 0.103125 0.07916666666666666
1 0.40234375 0.3177083333333333 0.0921875 0.05416666666666667
1 0.68515625 0.18333333333333332 0.0875 0.05
1 0.69609375 0.25416666666666665 0.08125 0.04791666666666667
1 0.43515625 0.4635416666666667 0.075 0.07708333333333334
1 0.590625 0.4239583333333333 0.05625 0.058333333333333334
1 0.65859375 0.4010416666666667 0.065625 0.06041666666666667
1 0.5375 0.65 0.0671875 0.058333333333333334
3 0.2296875 0.44375 0.0515625 0.03958333333333333
3 0.35 0.4125 0.053125 0.03958333333333333
3 0.76484375 0.3072916666666667 0.0453125 0.03125
3 0.83515625 0.2875 0.0515625 0.0375
5 0.27890625 0.38333333333333336 0.0765625 0.10416666666666667
5 0.79609375 0.25729166666666664 0.06875 0.08541666666666667
4 0.44375 0.38958333333333334 0.0421875 0.06666666666666667
4 0.6140625 0.3489583333333333 0.096875 0.10416666666666667
2 0.20859375 0.28229166666666666 0.140625 0.14375
0 0.46875 0.16145833333333334 0.128125 0.12916666666666668
0 0.49921875 0.2947916666666667 0.128125 0.12083333333333333