1 0.5546875 0.17083333333333334 0.084375 0.075
1 0.68984375 0.3885416666666667 0.0671875 0.0375
1 0.68046875 0.446875 0.065625 0.035416666666666666
1 0.3953125 0.3697916666666667 0.0734375 0.04375
1 0.3859375 0.4979166666666667 0.0671875 0.05625
1 0.55859375 0.5458333333333333 0.05 0.05
1 0.609375 0.5541666666666667 0.059375 0.05625
4 0.59609375 0.5020833333333333 0.0734375 0.07708333333333334
4 0.4140625 0.4510416666666667 0.0640625 0.075
5 0.27578125 0.36875 0.05625 0.08333333333333333
5 0.77265625 0.5020833333333333 0.05 0.07708333333333334
2 0.30703125 0.271875 0.103125 0.11041666666666666
3 0.2125 0.390625 0.05 0.029166666666666667
3 0.315625 0.4166666666666667 0.05 0.03125
3 0.73046875 0.525 0.0625 0.03125
3 0.8046875 0.5447916666666667 0.0375 0.025
1 0.4328125 0.7197916666666667 0.05625 0.04791666666666667
0 0.534375 0.28229166666666666 0.1078125 0.1
0 0.51015625 0.39375 0.1078125 0.09583333333333334