1 0.51953125 0.041666666666666664 0.0890625 0.07291666666666667
1 0.74296875 0.25833333333333336 0.084375 0.0375
1 0.74453125 0.32916666666666666 0.075 0.0375
1 0.62578125 0.471875 0.053125 0.04791666666666667
1 0.6921875 0.465625 0.0609375 0.05
1 0.4484375 0.46770833333333334 0.071875 0.05625
1 0.534375 0.6864583333333333 0.0609375 0.04583333333333333
0 0.52890625 0.178125 0.115625 0.09583333333333334
0 0.53515625 0.31979166666666664 0.1203125 0.09791666666666667
2 0.26015625 0.23333333333333334 0.121875 0.11458333333333333
5 0.296875 0.3458333333333333 0.0609375 0.0875
5 0.8484375 0.36041666666666666 0.0546875 0.07291666666666667
4 0.44765625 0.4083333333333333 0.06875 0.07916666666666666
4 0.6484375 0.4125 0.075 0.075
3 0.240625 0.39479166666666665 0.0375 0.027083333333333334
3 0.3609375 0.3958333333333333 0.0328125 0.022916666666666665
3 0.81328125 0.4010416666666667 0.0375 0.020833333333333332
3 0.89140625 0.403125 0.040625 0.020833333333333332