0 0.47109375 0.19375 0.125 0.09583333333333334
0 0.46875 0.33229166666666665 0.109375 0.08958333333333333
1 0.3375 0.32395833333333335 0.096875 0.03958333333333333
1 0.665625 0.340625 0.0734375 0.03125
1 0.6640625 0.26979166666666665 0.0828125 0.027083333333333334
1 0.35859375 0.4739583333333333 0.0671875 0.05416666666666667
1 0.546875 0.478125 0.0453125 0.05416666666666667
1 0.60859375 0.475 0.0546875 0.052083333333333336
1 0.44921875 0.6895833333333333 0.0609375 0.041666666666666664
1 0.475 0.06145833333333333 0.090625 0.075
3 0.13828125 0.39895833333333336 0.0578125 0.03333333333333333
3 0.259375 0.40208333333333335 0.0484375 0.027083333333333334
3 0.7265625 0.41354166666666664 0.05 0.029166666666666667
3 0.8109375 0.41354166666666664 0.0515625 0.029166666666666667
5 0.2015625 0.353125 0.0671875 0.0875
5 0.77265625 0.37083333333333335 0.059375 0.07083333333333333
4 0.38125 0.4114583333333333 0.06875 0.06875
4 0.58125 0.415625 0.09375 0.07708333333333334
2 0.21875 0.23854166666666668 0.1140625 0.09583333333333334