0 0.51640625 0.20416666666666666 0.1171875 0.10625
0 0.51015625 0.340625 0.1171875 0.10625
5 0.2578125 0.33229166666666665 0.065625 0.09791666666666667
5 0.80859375 0.43333333333333335 0.053125 0.075
2 0.25078125 0.21666666666666667 0.1171875 0.12291666666666666
3 0.1953125 0.365625 0.0546875 0.03125
3 0.315625 0.3875 0.0546875 0.027083333333333334
3 0.7640625 0.4635416666666667 0.0453125 0.022916666666666665
3 0.84375 0.47604166666666664 0.0453125 0.025
4 0.42421875 0.41770833333333335 0.046875 0.08333333333333333
4 0.6109375 0.4510416666666667 0.0765625 0.08125
1 0.52265625 0.07395833333333333 0.0890625 0.08541666666666667
1 0.71015625 0.3145833333333333 0.071875 0.041666666666666664
1 0.70703125 0.38333333333333336 0.0734375 0.03958333333333333
1 0.58671875 0.5052083333333334 0.05625 0.052083333333333336
1 0.640625 0.5083333333333333 0.05625 0.058333333333333334
1 0.40625 0.4708333333333333 0.06875 0.06666666666666667
1 0.39375 0.31875 0.08125 0.04375
1 0.47109375 0.7052083333333333 0.0625 0.052083333333333336