1 0.47265625 0.042708333333333334 0.0984375 0.08541666666666667
1 0.41171875 0.31666666666666665 0.1015625 0.05416666666666667
1 0.703125 0.20625 0.0875 0.04583333333333333
1 0.7109375 0.2760416666666667 0.0828125 0.041666666666666664
1 0.4375 0.46770833333333334 0.084375 0.075
1 0.5921875 0.4375 0.0421875 0.05416666666666667
1 0.6640625 0.4166666666666667 0.059375 0.06041666666666667
1 0.53125 0.6645833333333333 0.0734375 0.05625
0 0.48671875 0.171875 0.128125 0.11875
0 0.50546875 0.30416666666666664 0.11875 0.1125
3 0.23984375 0.43125 0.053125 0.03125
3 0.3546875 0.4114583333333333 0.0546875 0.0375
3 0.778125 0.32916666666666666 0.05 0.029166666666666667
3 0.840625 0.31875 0.0609375 0.0375
5 0.2875 0.3729166666666667 0.06875 0.09791666666666667
5 0.8109375 0.28541666666666665 0.05625 0.07916666666666666
2 0.22734375 0.26979166666666665 0.1453125 0.14166666666666666
4 0.43125 0.3802083333333333 0.078125 0.0375
4 0.62734375 0.3645833333333333 0.0875 0.09375