0 0.6234375 0.17291666666666666 0.11875 0.11875
0 0.6 0.31354166666666666 0.1265625 0.11875
2 0.34453125 0.15625 0.1328125 0.14583333333333334
5 0.36953125 0.27291666666666664 0.0703125 0.1
3 0.303125 0.30104166666666665 0.0453125 0.035416666666666666
3 0.4203125 0.33645833333333336 0.0453125 0.035416666666666666
3 0.85859375 0.46875 0.0421875 0.03125
3 0.93359375 0.490625 0.0390625 0.027083333333333334
5 0.903125 0.4395833333333333 0.0625 0.08333333333333333
4 0.51640625 0.38125 0.0390625 0.08333333333333333
4 0.69453125 0.4375 0.0859375 0.09166666666666666
1 0.640625 0.052083333333333336 0.0921875 0.06875
1 0.8171875 0.30625 0.0796875 0.04583333333333333
1 0.80859375 0.3802083333333333 0.078125 0.04583333333333333
1 0.50078125 0.275 0.084375 0.05625
1 0.48359375 0.43333333333333335 0.0859375 0.07291666666666667
1 0.6546875 0.4864583333333333 0.05625 0.06041666666666667
1 0.71953125 0.49895833333333334 0.065625 0.06666666666666667
1 0.51953125 0.6708333333333333 0.0625 0.05625