1 0.534375 0.035416666666666666 0.096875 0.07083333333333333
1 0.7703125 0.18958333333333333 0.084375 0.052083333333333336
1 0.77734375 0.259375 0.078125 0.04791666666666667
1 0.4703125 0.309375 0.0796875 0.052083333333333336
1 0.65859375 0.42916666666666664 0.05 0.052083333333333336
1 0.72578125 0.4083333333333333 0.0640625 0.0625
1 0.4890625 0.46041666666666664 0.0859375 0.07083333333333333
1 0.58203125 0.665625 0.0609375 0.05416666666666667
0 0.54609375 0.15833333333333333 0.128125 0.12083333333333333
0 0.5640625 0.29375 0.11875 0.11458333333333333
2 0.2828125 0.2708333333333333 0.125 0.13958333333333334
5 0.3453125 0.3697916666666667 0.06875 0.1
5 0.87890625 0.26979166666666665 0.0609375 0.08333333333333333
4 0.68359375 0.36354166666666665 0.0859375 0.0875
4 0.48984375 0.4010416666666667 0.0734375 0.08958333333333333
3 0.29296875 0.42604166666666665 0.0421875 0.035416666666666666
3 0.40859375 0.40520833333333334 0.0390625 0.035416666666666666
3 0.8453125 0.3177083333333333 0.04375 0.029166666666666667
3 0.92265625 0.3 0.0390625 0.027083333333333334