1 0.46484375 0.027083333333333334 0.10234375 0.05416666666666667
1 0.3234375 0.2760416666666667 0.09140625 0.041666666666666664
1 0.6546875 0.240625 0.0890625 0.03125
1 0.64609375 0.31354166666666666 0.0765625 0.03229166666666667
1 0.340625 0.43125 0.07421875 0.058333333333333334
1 0.5203125 0.4427083333333333 0.04609375 0.04895833333333333
1 0.57421875 0.44479166666666664 0.0453125 0.04583333333333333
1 0.415625 0.646875 0.0625 0.03333333333333333
0 0.4609375 0.15104166666666666 0.115625 0.10104166666666667
0 0.45390625 0.28958333333333336 0.11953125 0.09479166666666666
3 0.1171875 0.34791666666666665 0.05234375 0.026041666666666668
3 0.24765625 0.353125 0.05234375 0.03125
3 0.6984375 0.38645833333333335 0.05 0.029166666666666667
3 0.7796875 0.390625 0.04375 0.027083333333333334
4 0.36484375 0.36666666666666664 0.05703125 0.06875
4 0.55859375 0.3770833333333333 0.0875 0.08125
5 0.1859375 0.30104166666666665 0.0625 0.090625
5 0.74609375 0.35 0.05 0.07604166666666666
2 0.2015625 0.18125 0.1203125 0.1375