1 0.64140625 0.08333333333333333 0.0828125 0.06770833333333333
1 0.846875 0.271875 0.07421875 0.03229166666666667
1 0.84921875 0.33645833333333336 0.07265625 0.03229166666666667
1 0.55078125 0.3260416666666667 0.07265625 0.03333333333333333
1 0.5625 0.46875 0.0609375 0.04895833333333333
1 0.7265625 0.475 0.04921875 0.042708333333333334
1 0.7921875 0.46875 0.0546875 0.04583333333333333
1 0.63125 0.68125 0.0515625 0.040625
5 0.434375 0.359375 0.05 0.07916666666666666
5 0.9546875 0.36875 0.05 0.07291666666666667
3 0.38515625 0.39791666666666664 0.04609375 0.017708333333333333
3 0.48828125 0.4 0.046875 0.020833333333333332
3 0.9140625 0.40520833333333334 0.04296875 0.014583333333333334
3 0.990625 0.40625 0.01875 0.017708333333333333
4 0.753125 0.41875 0.07421875 0.06875
4 0.5796875 0.41458333333333336 0.03046875 0.06875
0 0.64375 0.20520833333333333 0.1078125 0.08645833333333333
0 0.646875 0.33229166666666665 0.10859375 0.08541666666666667
2 0.40078125 0.2604166666666667 0.103125 0.10208333333333333