1 0.55 0.041666666666666664 0.096875 0.08333333333333333
1 0.72109375 0.29375 0.0921875 0.04375
1 0.7171875 0.36354166666666665 0.0875 0.04375
1 0.41171875 0.27291666666666664 0.1046875 0.05625
1 0.40546875 0.428125 0.1015625 0.08958333333333333
1 0.575 0.46979166666666666 0.05 0.058333333333333334
1 0.6390625 0.48020833333333335 0.0671875 0.0625
1 0.45546875 0.6552083333333333 0.0640625 0.05625
0 0.5390625 0.171875 0.1234375 0.12291666666666666
0 0.51953125 0.30520833333333336 0.1234375 0.11875
3 0.20859375 0.30833333333333335 0.05625 0.0375
3 0.3296875 0.3375 0.0484375 0.035416666666666666
3 0.7640625 0.446875 0.046875 0.03333333333333333
3 0.8359375 0.46041666666666664 0.04375 0.0375
5 0.27109375 0.27708333333333335 0.071875 0.10625
5 0.80703125 0.41875 0.0609375 0.0875
4 0.434375 0.36666666666666664 0.0421875 0.07708333333333334
4 0.615625 0.41458333333333336 0.0890625 0.10833333333333334
2 0.2671875 0.15729166666666666 0.140625 0.14791666666666667