1 0.528125 0.16458333333333333 0.075 0.06145833333333333
1 0.68671875 0.3572916666666667 0.06875 0.029166666666666667
1 0.68046875 0.4166666666666667 0.0671875 0.025
1 0.390625 0.3885416666666667 0.07265625 0.030208333333333334
1 0.3921875 0.5177083333333333 0.06875 0.04895833333333333
1 0.5703125 0.5354166666666667 0.05078125 0.040625
1 0.6203125 0.534375 0.05625 0.04583333333333333
4 0.41484375 0.46979166666666666 0.059375 0.06875
4 0.6 0.48541666666666666 0.06640625 0.06458333333333334
0 0.51796875 0.27708333333333335 0.09765625 0.078125
0 0.50703125 0.3958333333333333 0.1015625 0.07916666666666666
2 0.28984375 0.30833333333333335 0.09453125 0.09583333333333334
5 0.27109375 0.4083333333333333 0.0453125 0.06979166666666667
5 0.778125 0.45208333333333334 0.04765625 0.06458333333333334
3 0.2109375 0.44479166666666664 0.04140625 0.019791666666666666
3 0.31484375 0.45208333333333334 0.04140625 0.01875
3 0.7359375 0.48541666666666666 0.04765625 0.019791666666666666
3 0.81328125 0.490625 0.04375 0.01875
1 0.45859375 0.7322916666666667 0.053125 0.03854166666666667