1 0.5265625 0.16458333333333333 0.07421875 0.058333333333333334
0 0.515625 0.278125 0.09765625 0.08125
0 0.5046875 0.3958333333333333 0.1 0.08125
1 0.684375 0.3541666666666667 0.06875 0.026041666666666668
1 0.678125 0.415625 0.06328125 0.026041666666666668
1 0.4578125 0.7322916666666667 0.0515625 0.040625
1 0.39140625 0.51875 0.07109375 0.05
1 0.56796875 0.534375 0.04765625 0.042708333333333334
1 0.61953125 0.534375 0.05390625 0.04479166666666667
4 0.5984375 0.48333333333333334 0.06640625 0.06041666666666667
4 0.41484375 0.46875 0.0546875 0.065625
2 0.2890625 0.309375 0.09765625 0.09479166666666666
5 0.26875 0.41041666666666665 0.04765625 0.07708333333333334
5 0.7765625 0.45208333333333334 0.04765625 0.06875
3 0.20859375 0.44479166666666664 0.046875 0.020833333333333332
3 0.31328125 0.45208333333333334 0.053125 0.021875
3 0.73359375 0.484375 0.05 0.017708333333333333
3 0.81328125 0.4895833333333333 0.0453125 0.016666666666666666