0 0.43203125 0.11354166666666667 0.128125 0.11458333333333333
0 0.4375 0.2604166666666667 0.1234375 0.1125
4 0.55546875 0.3489583333333333 0.078125 0.08125
4 0.34375 0.3625 0.0703125 0.08541666666666667
2 0.1765625 0.19791666666666666 0.1265625 0.13333333333333333
5 0.1515625 0.31354166666666666 0.065625 0.1
3 0.08828125 0.365625 0.0515625 0.03125
3 0.215625 0.35520833333333335 0.0578125 0.035416666666666666
3 0.7015625 0.3229166666666667 0.0546875 0.029166666666666667
3 0.78984375 0.3125 0.0484375 0.029166666666666667
5 0.7484375 0.27708333333333335 0.05625 0.08541666666666667
1 0.6375 0.17395833333333333 0.0875 0.04375
1 0.290625 0.2677083333333333 0.0890625 0.052083333333333336
1 0.634375 0.2520833333333333 0.075 0.041666666666666664
1 0.33046875 0.421875 0.0984375 0.06875
1 0.528125 0.4114583333333333 0.0640625 0.05416666666666667
1 0.5796875 0.403125 0.0640625 0.058333333333333334
1 0.4328125 0.6364583333333333 0.0625 0.05