1 0.60546875 0.058333333333333334 0.08203125 0.06979166666666667
1 0.76953125 0.2635416666666667 0.0671875 0.028125
1 0.7625 0.32708333333333334 0.06484375 0.026041666666666668
1 0.465625 0.2947916666666667 0.07109375 0.034375
1 0.52890625 0.6416666666666667 0.04375 0.034375
1 0.64140625 0.45208333333333334 0.0484375 0.042708333333333334
1 0.6921875 0.45208333333333334 0.0515625 0.04375
1 0.46640625 0.434375 0.0625 0.046875
0 0.5921875 0.18229166666666666 0.10546875 0.08541666666666667
0 0.58203125 0.3072916666666667 0.10390625 0.08125
2 0.3546875 0.221875 0.0984375 0.10104166666666667
5 0.3453125 0.321875 0.0484375 0.07916666666666666
5 0.86171875 0.36666666666666664 0.046875 0.07083333333333333
4 0.49453125 0.38333333333333336 0.04609375 0.06979166666666667
4 0.675 0.4 0.06953125 0.06354166666666666
3 0.2890625 0.3541666666666667 0.03984375 0.01875
3 0.390625 0.36354166666666665 0.0453125 0.01875
3 0.81484375 0.4 0.04453125 0.01875
3 0.89375 0.4041666666666667 0.0421875 0.016666666666666666