1 0.496875 0.06979166666666667 0.0828125 0.075
1 0.41796875 0.33229166666666665 0.090625 0.03958333333333333
1 0.715625 0.24479166666666666 0.08125 0.03333333333333333
1 0.72578125 0.31666666666666665 0.090625 0.03958333333333333
1 0.44140625 0.478125 0.08125 0.06458333333333334
1 0.609375 0.46458333333333335 0.0453125 0.052083333333333336
1 0.67421875 0.45416666666666666 0.0671875 0.05416666666666667
1 0.5390625 0.6885416666666667 0.0625 0.04583333333333333
0 0.51015625 0.19895833333333332 0.1296875 0.11041666666666666
0 0.52265625 0.328125 0.115625 0.10416666666666667
3 0.23671875 0.425 0.0546875 0.03125
3 0.35625 0.4166666666666667 0.046875 0.027083333333333334
3 0.79140625 0.38125 0.046875 0.027083333333333334
3 0.86640625 0.3729166666666667 0.0515625 0.025
5 0.290625 0.37604166666666666 0.0640625 0.09375
5 0.82734375 0.3385416666666667 0.0640625 0.08333333333333333
4 0.4578125 0.41458333333333336 0.0390625 0.06875
4 0.6375 0.39895833333333336 0.0796875 0.09583333333333334
2 0.2546875 0.26875 0.1359375 0.12916666666666668