0 0.4953125 0.103125 0.1296875 0.12291666666666666
0 0.47734375 0.24895833333333334 0.1296875 0.11666666666666667
2 0.228125 0.11041666666666666 0.1203125 0.1375
5 0.18828125 0.21354166666666666 0.0671875 0.1
3 0.1203125 0.24583333333333332 0.0390625 0.03125
3 0.24375 0.27395833333333336 0.0421875 0.03125
1 0.3328125 0.2125 0.0859375 0.05416666666666667
1 0.34609375 0.3770833333333333 0.1015625 0.07708333333333334
1 0.40703125 0.6041666666666666 0.0671875 0.05416666666666667
1 0.53984375 0.421875 0.05625 0.05416666666666667
1 0.5953125 0.4270833333333333 0.0640625 0.0625
4 0.57578125 0.37083333333333335 0.0828125 0.0875
4 0.36796875 0.31979166666666664 0.06875 0.09166666666666666
5 0.7765625 0.35520833333333335 0.0578125 0.08333333333333333
3 0.72265625 0.38645833333333335 0.0375 0.025
3 0.81015625 0.40520833333333334 0.034375 0.025
1 0.67109375 0.29791666666666666 0.0765625 0.041666666666666664
1 0.68125 0.22083333333333333 0.0734375 0.041666666666666664