0 0.4765625 0.10729166666666666 0.11640625 0.09895833333333333
0 0.4671875 0.25416666666666665 0.11875 0.09895833333333333
1 0.67578125 0.19895833333333332 0.08515625 0.027083333333333334
1 0.665625 0.27395833333333336 0.07578125 0.029166666666666667
5 0.17890625 0.259375 0.05625 0.0875
5 0.77421875 0.315625 0.053125 0.07708333333333334
2 0.21015625 0.15104166666666666 0.11640625 0.11979166666666667
3 0.11171875 0.30416666666666664 0.059375 0.021875
3 0.2375 0.31354166666666666 0.04921875 0.025
3 0.72265625 0.35520833333333335 0.046875 0.021875
3 0.80546875 0.359375 0.04375 0.023958333333333335
4 0.5734375 0.35833333333333334 0.07890625 0.07395833333333333
4 0.3609375 0.340625 0.0703125 0.08333333333333333
1 0.325 0.23645833333333333 0.08046875 0.03958333333333333
1 0.34921875 0.39895833333333336 0.09140625 0.06458333333333334
1 0.54453125 0.4166666666666667 0.05546875 0.04583333333333333
1 0.59765625 0.41354166666666664 0.059375 0.052083333333333336
1 0.42578125 0.6260416666666667 0.05390625 0.041666666666666664