1 0.30390625 0.3770833333333333 0.096875 0.06458333333333334
1 0.38125 0.08645833333333333 0.1 0.09791666666666667
1 0.6109375 0.22916666666666666 0.0875 0.05625
1 0.62265625 0.296875 0.08125 0.05416666666666667
1 0.35390625 0.5166666666666667 0.0734375 0.075
1 0.5375 0.46770833333333334 0.0578125 0.06666666666666667
1 0.58671875 0.446875 0.0609375 0.06666666666666667
1 0.47890625 0.7041666666666667 0.065625 0.05416666666666667
0 0.40859375 0.21458333333333332 0.1296875 0.13333333333333333
0 0.43046875 0.3458333333333333 0.128125 0.12916666666666668
3 0.1234375 0.5145833333333333 0.053125 0.041666666666666664
3 0.246875 0.4791666666666667 0.0546875 0.04375
3 0.69921875 0.346875 0.0546875 0.041666666666666664
3 0.77265625 0.321875 0.0546875 0.04583333333333333
5 0.17734375 0.45 0.08125 0.10833333333333334
5 0.72734375 0.29375 0.0640625 0.08333333333333333
4 0.3609375 0.4510416666666667 0.065625 0.08333333333333333
4 0.55234375 0.39479166666666665 0.0875 0.09791666666666667
2 0.1625 0.3385416666666667 0.1375 0.14166666666666666