1 0.39609375 0.09895833333333333 0.0984375 0.09583333333333334
1 0.628125 0.24166666666666667 0.0796875 0.058333333333333334
1 0.6453125 0.30416666666666664 0.0734375 0.05416666666666667
1 0.33203125 0.3875 0.0828125 0.05625
1 0.37734375 0.525 0.08125 0.075
1 0.56328125 0.471875 0.0546875 0.058333333333333334
1 0.61484375 0.45208333333333334 0.065625 0.06458333333333334
1 0.50703125 0.7135416666666666 0.059375 0.06041666666666667
5 0.20625 0.4583333333333333 0.06875 0.1
5 0.75 0.30625 0.0609375 0.0875
2 0.178125 0.35208333333333336 0.13125 0.13958333333333334
3 0.15390625 0.5197916666666667 0.040625 0.03333333333333333
3 0.275 0.484375 0.0375 0.03333333333333333
3 0.7203125 0.35520833333333335 0.0375 0.025
3 0.79453125 0.33229166666666665 0.0390625 0.029166666666666667
4 0.3875 0.465625 0.0578125 0.0875
4 0.57421875 0.41041666666666665 0.078125 0.08958333333333333
0 0.42421875 0.22395833333333334 0.121875 0.12291666666666666
0 0.45234375 0.3541666666666667 0.1265625 0.12291666666666666