0 0.53671875 0.10625 0.1375 0.13541666666666666
0 0.50390625 0.24895833333333334 0.1359375 0.13333333333333333
1 0.71484375 0.25416666666666665 0.0890625 0.05625
1 0.69375 0.3260416666666667 0.075 0.05
1 0.3625 0.1875 0.090625 0.06666666666666667
1 0.36171875 0.3572916666666667 0.0984375 0.0875
1 0.5546875 0.43125 0.065625 0.06458333333333334
1 0.60234375 0.4427083333333333 0.0671875 0.06875
5 0.4046875 0.6 0.0625 0.05625
5 0.21875 0.17083333333333334 0.0734375 0.10833333333333334
5 0.7921875 0.4010416666666667 0.065625 0.09375
2 0.26953125 0.07395833333333333 0.1296875 0.14791666666666667
3 0.14765625 0.19166666666666668 0.059375 0.03958333333333333
3 0.2703125 0.24166666666666667 0.0609375 0.04375
3 0.740625 0.425 0.0453125 0.03333333333333333
3 0.821875 0.453125 0.046875 0.035416666666666666
4 0.38828125 0.30104166666666665 0.078125 0.09791666666666667
4 0.59296875 0.38229166666666664 0.084375 0.09375