1 0.446875 0.09375 0.0875 0.075
1 0.6421875 0.2916666666666667 0.0765625 0.035416666666666666
1 0.64375 0.36041666666666666 0.0703125 0.03125
1 0.32421875 0.3541666666666667 0.0828125 0.041666666666666664
1 0.3453125 0.5 0.075 0.05416666666666667
1 0.54375 0.49895833333333334 0.05625 0.04791666666666667
1 0.5921875 0.49166666666666664 0.0578125 0.04791666666666667
1 0.4421875 0.71875 0.05625 0.04791666666666667
2 0.19375 0.28125 0.109375 0.1125
0 0.44765625 0.22083333333333333 0.1125 0.09583333333333334
0 0.45078125 0.3541666666666667 0.115625 0.09583333333333334
5 0.18828125 0.38958333333333334 0.0609375 0.08958333333333333
5 0.74765625 0.3885416666666667 0.0515625 0.075
3 0.1234375 0.434375 0.04375 0.025
3 0.24765625 0.43125 0.040625 0.027083333333333334
3 0.70625 0.428125 0.034375 0.020833333333333332
3 0.78671875 0.42604166666666665 0.0375 0.020833333333333332
4 0.365625 0.44375 0.05625 0.08125
4 0.56171875 0.44166666666666665 0.0734375 0.07291666666666667