0 0.5484375 0.28541666666666665 0.11484375 0.09479166666666666
0 0.54609375 0.14270833333333333 0.11875 0.09895833333333333
1 0.55078125 0.019791666666666666 0.0859375 0.03958333333333333
2 0.27890625 0.19583333333333333 0.115625 0.115625
5 0.303125 0.309375 0.0546875 0.09479166666666666
5 0.85859375 0.33541666666666664 0.04921875 0.078125
1 0.7578125 0.22395833333333334 0.07890625 0.030208333333333334
1 0.75625 0.2989583333333333 0.07109375 0.029166666666666667
1 0.525 0.65 0.0515625 0.0375
1 0.63046875 0.440625 0.05703125 0.04583333333333333
1 0.690625 0.43645833333333334 0.0609375 0.05
1 0.446875 0.43020833333333336 0.07890625 0.06041666666666667
3 0.24453125 0.35208333333333336 0.053125 0.026041666666666668
3 0.3640625 0.35625 0.04375 0.021875
3 0.81796875 0.37395833333333334 0.04375 0.017708333333333333
3 0.89921875 0.37604166666666666 0.04609375 0.020833333333333332
4 0.65859375 0.38229166666666664 0.0734375 0.071875
4 0.471875 0.37395833333333334 0.03984375 0.078125
1 0.43828125 0.27708333333333335 0.08125 0.036458333333333336