1 0.578125 0.03229166666666667 0.0875 0.06458333333333334
1 0.8078125 0.24166666666666667 0.07890625 0.034375
1 0.81484375 0.31354166666666666 0.08046875 0.03229166666666667
1 0.5015625 0.30416666666666664 0.08828125 0.036458333333333336
1 0.68671875 0.459375 0.05390625 0.046875
1 0.753125 0.453125 0.059375 0.05
1 0.5140625 0.4583333333333333 0.07421875 0.05416666666666667
1 0.59375 0.6791666666666667 0.05390625 0.041666666666666664
0 0.5859375 0.16458333333333333 0.11953125 0.09375
0 0.5984375 0.3072916666666667 0.11328125 0.09375
5 0.3703125 0.33958333333333335 0.05859375 0.08541666666666667
5 0.91484375 0.34375 0.04921875 0.07291666666666667
2 0.315625 0.22708333333333333 0.13046875 0.11145833333333334
3 0.3140625 0.38958333333333334 0.040625 0.023958333333333335
3 0.4359375 0.3885416666666667 0.04140625 0.026041666666666668
3 0.87890625 0.3854166666666667 0.03828125 0.01875
3 0.95703125 0.38645833333333335 0.0375 0.020833333333333332
4 0.71015625 0.39895833333333336 0.071875 0.07291666666666667
4 0.51484375 0.4 0.06171875 0.07604166666666666