1 0.54375 0.05 0.0796875 0.065625
1 0.71171875 0.2552083333333333 0.07109375 0.03125
1 0.70546875 0.32083333333333336 0.06640625 0.029166666666666667
1 0.4078125 0.29270833333333335 0.0734375 0.03854166666666667
1 0.41640625 0.43125 0.0625 0.04479166666666667
1 0.5921875 0.446875 0.0484375 0.041666666666666664
1 0.64375 0.44375 0.05390625 0.04479166666666667
1 0.4890625 0.6364583333333333 0.04921875 0.03333333333333333
0 0.534375 0.175 0.10234375 0.08854166666666667
0 0.52734375 0.3020833333333333 0.103125 0.084375
2 0.3 0.21875 0.1 0.10104166666666667
5 0.8046875 0.3572916666666667 0.04765625 0.07083333333333333
5 0.2859375 0.3177083333333333 0.05234375 0.078125
3 0.228125 0.3541666666666667 0.04296875 0.019791666666666666
3 0.3359375 0.3614583333333333 0.04453125 0.021875
3 0.75859375 0.39166666666666666 0.04453125 0.017708333333333333
3 0.83828125 0.3958333333333333 0.0390625 0.017708333333333333
4 0.621875 0.39479166666666665 0.06875 0.06458333333333334
4 0.4390625 0.3802083333333333 0.0515625 0.06979166666666667