1 0.5140625 0.0375 0.09375 0.07083333333333333
1 0.7171875 0.24791666666666667 0.0859375 0.026041666666666668
1 0.71484375 0.31875 0.0828125 0.028125
1 0.3953125 0.30104166666666665 0.09765625 0.0375
1 0.41328125 0.453125 0.08046875 0.05520833333333333
1 0.59453125 0.459375 0.04375 0.04791666666666667
1 0.653125 0.453125 0.05234375 0.053125
1 0.5015625 0.6697916666666667 0.065625 0.034375
0 0.51328125 0.171875 0.12265625 0.09895833333333333
0 0.5140625 0.31145833333333334 0.11875 0.096875
3 0.2046875 0.38125 0.05390625 0.028125
3 0.3234375 0.38229166666666664 0.0484375 0.027083333333333334
3 0.77578125 0.39479166666666665 0.05234375 0.025
3 0.8578125 0.3927083333333333 0.04765625 0.026041666666666668
5 0.2640625 0.334375 0.06171875 0.09270833333333334
5 0.8234375 0.3572916666666667 0.0609375 0.08020833333333334
4 0.43828125 0.390625 0.05390625 0.06458333333333334
4 0.621875 0.3927083333333333 0.0796875 0.07604166666666666
2 0.26015625 0.22604166666666667 0.13828125 0.1125