1 0.61953125 0.042708333333333334 0.090625 0.0625
1 0.79296875 0.29791666666666666 0.08125 0.052083333333333336
1 0.78046875 0.36875 0.0765625 0.052083333333333336
1 0.47109375 0.26666666666666666 0.0828125 0.05416666666666667
1 0.4609375 0.421875 0.075 0.07083333333333333
1 0.63203125 0.4739583333333333 0.0609375 0.06041666666666667
1 0.69765625 0.4875 0.065625 0.06458333333333334
2 0.328125 0.14479166666666668 0.128125 0.13958333333333334
5 0.3359375 0.2625 0.06875 0.10208333333333333
5 0.87734375 0.428125 0.0578125 0.08125
0 0.6 0.1625 0.125 0.125
0 0.578125 0.3020833333333333 0.125 0.12083333333333333
3 0.27109375 0.290625 0.053125 0.03958333333333333
3 0.38671875 0.325 0.0484375 0.035416666666666666
3 0.82734375 0.45729166666666665 0.0515625 0.03125
3 0.9078125 0.4791666666666667 0.0453125 0.03333333333333333
4 0.67265625 0.425 0.08125 0.08541666666666667
4 0.49140625 0.37083333333333335 0.046875 0.08333333333333333
1 0.503125 0.6552083333333333 0.0578125 0.05416666666666667