1 0.52578125 0.10833333333333334 0.0765625 0.06666666666666667
1 0.67265625 0.30520833333333336 0.065625 0.03125
1 0.6640625 0.365625 0.065625 0.025
1 0.37734375 0.3375 0.071875 0.035416666666666666
1 0.6015625 0.4822916666666667 0.0515625 0.04583333333333333
1 0.5515625 0.4822916666666667 0.0453125 0.041666666666666664
1 0.378125 0.4666666666666667 0.0625 0.04791666666666667
1 0.4375 0.6739583333333333 0.0515625 0.03958333333333333
5 0.25546875 0.3541666666666667 0.05 0.075
5 0.759375 0.4041666666666667 0.0453125 0.06666666666666667
4 0.40546875 0.4166666666666667 0.05625 0.06875
4 0.5859375 0.43333333333333335 0.0640625 0.0625
0 0.5109375 0.225 0.0984375 0.0875
0 0.49609375 0.34375 0.1 0.08125
2 0.278125 0.25729166666666664 0.09375 0.1
3 0.1953125 0.390625 0.0296875 0.020833333333333332
3 0.29921875 0.39895833333333336 0.0296875 0.020833333333333332
3 0.71328125 0.434375 0.028125 0.01875
3 0.7890625 0.440625 0.025 0.016666666666666666