1 0.5546875 0.059375 0.08125 0.065625
1 0.4171875 0.29791666666666666 0.06953125 0.028125
1 0.71328125 0.3260416666666667 0.0640625 0.025
1 0.7203125 0.2604166666666667 0.06328125 0.022916666666666665
1 0.6 0.4510416666666667 0.04453125 0.03958333333333333
1 0.42578125 0.434375 0.06171875 0.04479166666666667
1 0.49140625 0.6385416666666667 0.0484375 0.034375
1 0.6515625 0.45 0.04921875 0.04375
4 0.6296875 0.4 0.06796875 0.06666666666666667
4 0.44765625 0.38333333333333336 0.046875 0.07083333333333333
0 0.5453125 0.18229166666666666 0.1015625 0.08541666666666667
0 0.53671875 0.30833333333333335 0.1046875 0.08333333333333333
5 0.29765625 0.32083333333333336 0.04921875 0.075
5 0.81171875 0.3625 0.0484375 0.06875
2 0.31171875 0.221875 0.10078125 0.09895833333333333
3 0.2390625 0.3572916666666667 0.0421875 0.019791666666666666
3 0.34453125 0.3645833333333333 0.0421875 0.021875
3 0.76640625 0.396875 0.0390625 0.017708333333333333
3 0.84296875 0.4010416666666667 0.03828125 0.017708333333333333