1 0.53671875 0.03333333333333333 0.1015625 0.06666666666666667
1 0.44921875 0.2916666666666667 0.08984375 0.029166666666666667
1 0.7390625 0.24166666666666667 0.078125 0.027083333333333334
1 0.7453125 0.3145833333333333 0.07421875 0.027083333333333334
1 0.61640625 0.45 0.0484375 0.04479166666666667
1 0.684375 0.44166666666666665 0.0546875 0.052083333333333336
1 0.4578125 0.44583333333333336 0.06875 0.05625
1 0.521875 0.6583333333333333 0.05625 0.0375
0 0.53671875 0.16354166666666667 0.1140625 0.1
0 0.5390625 0.30104166666666665 0.11328125 0.09583333333333334
3 0.26171875 0.36875 0.05 0.030208333333333334
3 0.38046875 0.3697916666666667 0.0453125 0.03125
3 0.80234375 0.3885416666666667 0.05 0.029166666666666667
3 0.86953125 0.3854166666666667 0.04296875 0.030208333333333334
5 0.31953125 0.32395833333333335 0.0625 0.09270833333333334
5 0.83984375 0.3458333333333333 0.0609375 0.07291666666666667
4 0.478125 0.3802083333333333 0.02734375 0.06979166666666667
4 0.64765625 0.3854166666666667 0.07734375 0.0875
2 0.26328125 0.20520833333333333 0.12109375 0.11354166666666667