1 0.56484375 0.075 0.08359375 0.06875
1 0.7453125 0.28854166666666664 0.07734375 0.029166666666666667
1 0.7421875 0.35833333333333334 0.08125 0.029166666666666667
1 0.4296875 0.32395833333333335 0.0921875 0.040625
1 0.4328125 0.4739583333333333 0.075 0.06041666666666667
1 0.603125 0.4895833333333333 0.04140625 0.04791666666666667
1 0.6703125 0.4864583333333333 0.05546875 0.04479166666666667
1 0.49375 0.6979166666666666 0.065625 0.040625
0 0.553125 0.20520833333333333 0.1125 0.09166666666666666
0 0.54296875 0.33958333333333335 0.1140625 0.090625
3 0.22890625 0.390625 0.053125 0.028125
3 0.35078125 0.39895833333333336 0.0453125 0.027083333333333334
3 0.79765625 0.434375 0.0453125 0.027083333333333334
3 0.871875 0.4395833333333333 0.04453125 0.027083333333333334
5 0.2953125 0.346875 0.05859375 0.084375
5 0.840625 0.4010416666666667 0.059375 0.084375
2 0.29453125 0.2375 0.115625 0.11354166666666667
4 0.46015625 0.41041666666666665 0.0390625 0.06041666666666667
4 0.64375 0.42604166666666665 0.07734375 0.078125