1 0.4671875 0.042708333333333334 0.1 0.08541666666666667
1 0.409375 0.31875 0.1015625 0.05625
1 0.69921875 0.20104166666666667 0.0875 0.04791666666666667
1 0.7078125 0.2708333333333333 0.0828125 0.04375
1 0.4375 0.46979166666666666 0.084375 0.07708333333333334
1 0.59140625 0.4354166666666667 0.04375 0.05625
1 0.66328125 0.4125 0.0609375 0.0625
1 0.53359375 0.6635416666666667 0.0734375 0.058333333333333334
0 0.4828125 0.171875 0.128125 0.12083333333333333
0 0.50234375 0.30416666666666664 0.11875 0.11458333333333333
3 0.2390625 0.4375 0.053125 0.03333333333333333
3 0.35390625 0.41458333333333336 0.0546875 0.0375
3 0.77578125 0.3229166666666667 0.05 0.03125
3 0.83828125 0.3104166666666667 0.0625 0.03958333333333333
5 0.28515625 0.378125 0.0703125 0.1
5 0.8078125 0.278125 0.05625 0.08125
2 0.22421875 0.2760416666666667 0.1453125 0.14375
4 0.4296875 0.38229166666666664 0.078125 0.03958333333333333
4 0.625 0.3614583333333333 0.0875 0.09583333333333334