1 0.46796875 0.07083333333333333 0.096875 0.08333333333333333
1 0.39609375 0.48854166666666665 0.075 0.06666666666666667
1 0.571875 0.46979166666666666 0.0515625 0.052083333333333336
1 0.634375 0.45729166666666665 0.0578125 0.05625
1 0.365625 0.33958333333333335 0.0984375 0.04583333333333333
1 0.6734375 0.25 0.0875 0.03958333333333333
1 0.68125 0.31875 0.0796875 0.03958333333333333
1 0.49296875 0.6916666666666667 0.0671875 0.05416666666666667
0 0.4734375 0.19791666666666666 0.125 0.10833333333333334
0 0.48359375 0.33229166666666665 0.1171875 0.10416666666666667
3 0.17890625 0.4427083333333333 0.0453125 0.03125
3 0.29765625 0.43020833333333336 0.0375 0.029166666666666667
3 0.74765625 0.38125 0.046875 0.03125
3 0.82734375 0.37083333333333335 0.0484375 0.035416666666666666
5 0.2375 0.390625 0.0640625 0.09375
5 0.7875 0.3375 0.0515625 0.07708333333333334
4 0.409375 0.42291666666666666 0.0546875 0.07291666666666667
4 0.59453125 0.40625 0.075 0.08541666666666667
2 0.2265625 0.278125 0.1328125 0.125