1 0.471875 0.17291666666666666 0.0828125 0.07916666666666666
1 0.6546875 0.309375 0.0671875 0.041666666666666664
1 0.66171875 0.3697916666666667 0.0671875 0.041666666666666664
1 0.37421875 0.4270833333333333 0.0734375 0.05
1 0.3984375 0.5510416666666667 0.06875 0.0625
1 0.575 0.515625 0.053125 0.05416666666666667
1 0.6234375 0.5010416666666667 0.0546875 0.05625
1 0.5 0.740625 0.0578125 0.052083333333333336
0 0.4796875 0.2833333333333333 0.109375 0.10416666666666667
0 0.48828125 0.39895833333333336 0.1109375 0.10416666666666667
4 0.4140625 0.49583333333333335 0.06875 0.08125
4 0.59609375 0.459375 0.075 0.07916666666666666
5 0.7640625 0.37604166666666666 0.0578125 0.07916666666666666
5 0.2609375 0.48125 0.05625 0.08333333333333333
2 0.26640625 0.3802083333333333 0.10625 0.11458333333333333
3 0.21015625 0.53125 0.053125 0.03333333333333333
3 0.3109375 0.5104166666666666 0.05 0.03125
3 0.728125 0.42083333333333334 0.053125 0.03125
3 0.80390625 0.403125 0.04375 0.03333333333333333