1 0.546875 0.06875 0.0953125 0.0875
1 0.4015625 0.3020833333333333 0.090625 0.05
1 0.72578125 0.31666666666666665 0.0859375 0.04375
1 0.71640625 0.38645833333333335 0.084375 0.04583333333333333
1 0.584375 0.49895833333333334 0.05625 0.058333333333333334
1 0.6421875 0.5083333333333333 0.0578125 0.06458333333333334
1 0.41015625 0.459375 0.0828125 0.075
1 0.46640625 0.6885416666666667 0.0640625 0.05
0 0.53203125 0.20104166666666667 0.125 0.12083333333333333
0 0.51953125 0.33645833333333336 0.121875 0.1125
3 0.20625 0.3416666666666667 0.053125 0.0375
3 0.32578125 0.36875 0.040625 0.035416666666666666
3 0.77109375 0.471875 0.05 0.03125
3 0.84609375 0.4864583333333333 0.05 0.03333333333333333
5 0.26875 0.3104166666666667 0.075 0.1
5 0.8140625 0.43854166666666666 0.059375 0.08958333333333333
4 0.43046875 0.39791666666666664 0.053125 0.07916666666666666
4 0.61875 0.43854166666666666 0.0875 0.09375
2 0.2734375 0.19479166666666667 0.1265625 0.12291666666666666