1 0.4203125 0.051041666666666666 0.0984375 0.09166666666666666
1 0.33515625 0.33645833333333336 0.1 0.052083333333333336
1 0.646875 0.2916666666666667 0.08125 0.04375
1 0.6421875 0.221875 0.0875 0.04375
1 0.371875 0.484375 0.0875 0.07083333333333333
1 0.53984375 0.4510416666666667 0.0484375 0.058333333333333334
1 0.60390625 0.4354166666666667 0.0625 0.06041666666666667
1 0.47421875 0.6770833333333334 0.0640625 0.05
0 0.4328125 0.18541666666666667 0.1328125 0.125
0 0.45 0.31875 0.1296875 0.12291666666666666
3 0.15625 0.44895833333333335 0.0625 0.035416666666666666
3 0.27265625 0.43125 0.0515625 0.0375
3 0.71640625 0.3489583333333333 0.0453125 0.03333333333333333
3 0.79296875 0.33541666666666664 0.053125 0.03958333333333333
5 0.2046875 0.39479166666666665 0.0703125 0.10208333333333333
5 0.75234375 0.30520833333333336 0.0578125 0.08541666666666667
4 0.38359375 0.415625 0.0546875 0.07916666666666666
4 0.5671875 0.378125 0.090625 0.1
2 0.18125 0.27708333333333335 0.15 0.15208333333333332