1 0.44609375 0.096875 0.0859375 0.07291666666666667
1 0.63984375 0.2916666666666667 0.06875 0.035416666666666666
1 0.640625 0.36041666666666666 0.065625 0.029166666666666667
1 0.32265625 0.35520833333333335 0.0765625 0.03958333333333333
1 0.34375 0.49895833333333334 0.071875 0.058333333333333334
1 0.53671875 0.4979166666666667 0.0484375 0.04791666666666667
1 0.590625 0.49375 0.0546875 0.05
1 0.4359375 0.7197916666666667 0.05625 0.04791666666666667
0 0.44921875 0.225 0.1078125 0.09583333333333334
0 0.45 0.353125 0.1125 0.09166666666666666
5 0.18828125 0.3875 0.0578125 0.08541666666666667
5 0.7453125 0.38958333333333334 0.0515625 0.075
2 0.19609375 0.2791666666666667 0.1109375 0.11041666666666666
3 0.1234375 0.43333333333333335 0.0390625 0.025
3 0.2484375 0.4322916666666667 0.0359375 0.027083333333333334
3 0.70625 0.42916666666666664 0.03125 0.01875
3 0.78515625 0.4270833333333333 0.03125 0.020833333333333332
4 0.365625 0.4427083333333333 0.053125 0.08125
4 0.55859375 0.44166666666666665 0.071875 0.07291666666666667