0 0.45703125 0.21770833333333334 0.1171875 0.10416666666666667
0 0.46484375 0.35104166666666664 0.11875 0.1
1 0.4484375 0.08854166666666667 0.0859375 0.075
1 0.65390625 0.2791666666666667 0.078125 0.03958333333333333
1 0.66015625 0.34791666666666665 0.0671875 0.035416666666666666
1 0.340625 0.35625 0.084375 0.04375
1 0.3671875 0.5041666666666667 0.0734375 0.058333333333333334
1 0.559375 0.49270833333333336 0.0546875 0.04791666666666667
1 0.61171875 0.48333333333333334 0.053125 0.05416666666666667
1 0.46953125 0.7177083333333333 0.0546875 0.052083333333333336
2 0.2015625 0.28958333333333336 0.1171875 0.12083333333333333
5 0.20546875 0.4 0.0578125 0.09375
5 0.7640625 0.371875 0.0484375 0.075
3 0.1453125 0.44895833333333335 0.034375 0.027083333333333334
3 0.26953125 0.44166666666666665 0.040625 0.025
3 0.72421875 0.4125 0.04375 0.020833333333333332
3 0.8046875 0.40520833333333334 0.0421875 0.025
4 0.38515625 0.44583333333333336 0.0515625 0.08125
4 0.57578125 0.434375 0.0765625 0.07708333333333334