1 0.4046875 0.34375 0.0890625 0.05
1 0.44140625 0.48541666666666666 0.0734375 0.07291666666666667
1 0.61015625 0.4479166666666667 0.0546875 0.058333333333333334
1 0.66796875 0.42916666666666664 0.053125 0.05625
1 0.696875 0.215625 0.075 0.04375
1 0.70703125 0.284375 0.075 0.041666666666666664
1 0.4671875 0.07083333333333333 0.0921875 0.08958333333333333
1 0.55 0.6833333333333333 0.0609375 0.06041666666666667
0 0.48828125 0.19583333333333333 0.11875 0.11666666666666667
0 0.509375 0.325 0.1203125 0.11458333333333333
5 0.284375 0.40625 0.065625 0.09375
5 0.8078125 0.2916666666666667 0.0484375 0.07916666666666666
3 0.23203125 0.465625 0.046875 0.041666666666666664
3 0.3484375 0.43645833333333334 0.0359375 0.03333333333333333
3 0.77890625 0.3385416666666667 0.04375 0.03333333333333333
3 0.853125 0.3177083333333333 0.04375 0.03958333333333333
4 0.44921875 0.41875 0.0453125 0.07708333333333334
4 0.628125 0.384375 0.0921875 0.0875
2 0.240625 0.3145833333333333 0.128125 0.13333333333333333