0 0.58125 0.15208333333333332 0.121875 0.1125
0 0.56015625 0.2947916666666667 0.1203125 0.11458333333333333
5 0.30390625 0.265625 0.0625 0.09583333333333334
5 0.865625 0.39791666666666664 0.0578125 0.08333333333333333
2 0.31171875 0.159375 0.11875 0.13125
3 0.23671875 0.296875 0.0390625 0.027083333333333334
3 0.35625 0.3229166666666667 0.0421875 0.029166666666666667
3 0.81484375 0.4270833333333333 0.040625 0.025
3 0.8984375 0.44479166666666664 0.040625 0.022916666666666665
4 0.4640625 0.3625 0.05625 0.08541666666666667
4 0.65625 0.4083333333333333 0.0828125 0.08541666666666667
1 0.6 0.03229166666666667 0.0921875 0.05416666666666667
1 0.77421875 0.26666666666666666 0.078125 0.041666666666666664
1 0.76328125 0.3416666666666667 0.0765625 0.041666666666666664
1 0.4390625 0.25833333333333336 0.0875 0.052083333333333336
1 0.43515625 0.41458333333333336 0.078125 0.06666666666666667
1 0.61796875 0.459375 0.0515625 0.05416666666666667
1 0.67734375 0.4666666666666667 0.0609375 0.058333333333333334
1 0.48671875 0.6479166666666667 0.0546875 0.04375