0 0.52578125 0.12291666666666666 0.11953125 0.09895833333333333
0 0.51796875 0.2677083333333333 0.11953125 0.09791666666666667
2 0.2609375 0.17395833333333333 0.1125 0.11875
5 0.2515625 0.28229166666666666 0.059375 0.08854166666666667
5 0.8328125 0.32395833333333335 0.0484375 0.07916666666666666
1 0.7296875 0.20833333333333334 0.08984375 0.030208333333333334
1 0.72265625 0.284375 0.0703125 0.028125
1 0.38671875 0.25 0.08203125 0.034375
1 0.40078125 0.4114583333333333 0.0703125 0.057291666666666664
1 0.596875 0.428125 0.05 0.04895833333333333
1 0.65078125 0.42604166666666665 0.05703125 0.051041666666666666
1 0.478125 0.6385416666666667 0.059375 0.04479166666666667
4 0.425 0.3541666666666667 0.05703125 0.07708333333333334
4 0.62578125 0.36770833333333336 0.07421875 0.071875
3 0.18515625 0.321875 0.040625 0.027083333333333334
3 0.31015625 0.3302083333333333 0.03828125 0.027083333333333334
3 0.78125 0.3614583333333333 0.03984375 0.025
3 0.86796875 0.36770833333333336 0.04140625 0.022916666666666665
1 0.5359375 0.008333333333333333 0.075 0.016666666666666666