0 0.459375 0.10729166666666666 0.121875 0.103125
0 0.4546875 0.25416666666666665 0.12109375 0.09791666666666667
2 0.19453125 0.15729166666666666 0.11015625 0.11979166666666667
5 0.1640625 0.26666666666666666 0.059375 0.090625
3 0.1 0.309375 0.0375 0.025
3 0.225 0.3177083333333333 0.03984375 0.023958333333333335
1 0.3078125 0.24166666666666667 0.0828125 0.041666666666666664
1 0.3359375 0.403125 0.09609375 0.06145833333333333
1 0.4171875 0.61875 0.06328125 0.04375
1 0.53203125 0.415625 0.05234375 0.046875
1 0.58828125 0.4125 0.06015625 0.052083333333333336
4 0.56328125 0.359375 0.0765625 0.07604166666666666
4 0.35234375 0.34270833333333334 0.06171875 0.08125
5 0.7609375 0.31145833333333334 0.0515625 0.075
3 0.7109375 0.35104166666666664 0.03671875 0.01875
3 0.79921875 0.35520833333333335 0.0328125 0.020833333333333332
1 0.6515625 0.271875 0.075 0.030208333333333334
1 0.6546875 0.19375 0.071875 0.029166666666666667