1 0.44609375 0.09166666666666666 0.0890625 0.07916666666666666
1 0.65234375 0.2760416666666667 0.0765625 0.04375
1 0.65703125 0.34270833333333334 0.0734375 0.041666666666666664
1 0.33828125 0.3645833333333333 0.078125 0.04791666666666667
1 0.3703125 0.5083333333333333 0.06875 0.06666666666666667
1 0.55546875 0.490625 0.0546875 0.052083333333333336
1 0.61015625 0.48333333333333334 0.0625 0.06041666666666667
4 0.38515625 0.44895833333333335 0.05625 0.07916666666666666
4 0.578125 0.434375 0.0734375 0.07708333333333334
5 0.20546875 0.40625 0.0609375 0.0875
5 0.7625 0.36666666666666664 0.053125 0.07708333333333334
2 0.19765625 0.29583333333333334 0.1171875 0.12291666666666666
3 0.1421875 0.45729166666666665 0.0453125 0.029166666666666667
3 0.26640625 0.446875 0.040625 0.027083333333333334
3 0.725 0.409375 0.0359375 0.025
3 0.8046875 0.4010416666666667 0.0328125 0.01875
0 0.4515625 0.21979166666666666 0.11875 0.10625
0 0.46328125 0.3541666666666667 0.11875 0.10625
1 0.46953125 0.7177083333333333 0.05625 0.05