1 0.6328125 0.12083333333333333 0.0859375 0.08958333333333333
1 0.809375 0.3625 0.071875 0.05
1 0.80625 0.4270833333333333 0.075 0.05
1 0.5203125 0.34375 0.078125 0.05625
1 0.51953125 0.4864583333333333 0.065625 0.06458333333333334
1 0.675 0.5291666666666667 0.053125 0.05625
1 0.7375 0.540625 0.0546875 0.058333333333333334
1 0.56640625 0.7104166666666667 0.0546875 0.05416666666666667
0 0.6203125 0.24270833333333333 0.1171875 0.1125
0 0.6140625 0.37083333333333335 0.1109375 0.11041666666666666
2 0.3828125 0.234375 0.13125 0.12708333333333333
5 0.4046875 0.34791666666666665 0.0625 0.09166666666666666
5 0.8984375 0.48333333333333334 0.05625 0.08125
4 0.525 0.4322916666666667 0.071875 0.08541666666666667
4 0.70625 0.4791666666666667 0.078125 0.08333333333333333
3 0.34921875 0.375 0.0421875 0.03333333333333333
3 0.45390625 0.403125 0.0515625 0.03333333333333333
3 0.8546875 0.5083333333333333 0.0453125 0.03125
3 0.93125 0.5260416666666666 0.0484375 0.03333333333333333