0 0.53203125 0.10520833333333333 0.1359375 0.13125
0 0.50078125 0.24895833333333334 0.134375 0.13125
1 0.71171875 0.24895833333333334 0.0890625 0.05416666666666667
1 0.69140625 0.32083333333333336 0.075 0.05
1 0.35859375 0.190625 0.090625 0.06458333333333334
1 0.36015625 0.36041666666666666 0.096875 0.08541666666666667
1 0.553125 0.43020833333333336 0.065625 0.06458333333333334
1 0.6015625 0.440625 0.0671875 0.06666666666666667
5 0.40625 0.6020833333333333 0.0625 0.05625
5 0.2140625 0.17708333333333334 0.0734375 0.10833333333333334
5 0.790625 0.39375 0.0640625 0.09375
2 0.2640625 0.07708333333333334 0.1296875 0.15
3 0.14375 0.2 0.059375 0.03958333333333333
3 0.2671875 0.246875 0.0609375 0.04375
3 0.73984375 0.4197916666666667 0.0453125 0.03125
3 0.82109375 0.44583333333333336 0.046875 0.03333333333333333
4 0.3859375 0.30416666666666664 0.0765625 0.09791666666666667
4 0.59140625 0.3802083333333333 0.084375 0.09375