1 0.409375 0.33958333333333335 0.0890625 0.04583333333333333
1 0.44140625 0.4822916666666667 0.0734375 0.06875
1 0.61171875 0.453125 0.0546875 0.05625
1 0.66953125 0.43645833333333334 0.053125 0.05416666666666667
1 0.70390625 0.225 0.075 0.03958333333333333
1 0.7125 0.29375 0.075 0.03958333333333333
1 0.478125 0.06875 0.090625 0.08541666666666667
1 0.5453125 0.6854166666666667 0.059375 0.058333333333333334
0 0.49609375 0.19583333333333333 0.115625 0.1125
0 0.5140625 0.325 0.11875 0.11041666666666666
5 0.28671875 0.3958333333333333 0.0640625 0.09166666666666666
5 0.81328125 0.30625 0.046875 0.07708333333333334
3 0.23359375 0.453125 0.046875 0.03958333333333333
3 0.35 0.42916666666666664 0.0359375 0.03333333333333333
3 0.7828125 0.35208333333333336 0.0421875 0.03125
3 0.8578125 0.3333333333333333 0.04375 0.0375
4 0.4515625 0.4166666666666667 0.04375 0.075
4 0.63125 0.38958333333333334 0.090625 0.08333333333333333
2 0.2453125 0.303125 0.1265625 0.12708333333333333