1 0.46953125 0.07708333333333334 0.0859375 0.06979166666666667
1 0.6734375 0.2833333333333333 0.06875 0.034375
1 0.67578125 0.35208333333333336 0.07109375 0.03229166666666667
1 0.36015625 0.3385416666666667 0.07890625 0.035416666666666666
1 0.38125 0.4875 0.071875 0.053125
1 0.57109375 0.490625 0.053125 0.046875
1 0.6234375 0.4864583333333333 0.0546875 0.04895833333333333
1 0.475 0.7083333333333334 0.05703125 0.042708333333333334
0 0.475 0.20833333333333334 0.11171875 0.09270833333333334
0 0.478125 0.3416666666666667 0.11640625 0.090625
2 0.2125 0.259375 0.11484375 0.109375
5 0.2234375 0.3697916666666667 0.05859375 0.08645833333333333
5 0.77890625 0.384375 0.04921875 0.06979166666666667
3 0.1625 0.41770833333333335 0.0390625 0.021875
3 0.28671875 0.4166666666666667 0.03515625 0.020833333333333332
3 0.74140625 0.4239583333333333 0.040625 0.017708333333333333
3 0.81875 0.4239583333333333 0.04140625 0.019791666666666666
4 0.590625 0.43645833333333334 0.071875 0.071875
4 0.38671875 0.43125 0.06875 0.078125