0 0.57421875 0.14791666666666667 0.1078125 0.09270833333333334
0 0.571875 0.2916666666666667 0.115625 0.09166666666666666
2 0.2984375 0.20208333333333334 0.11796875 0.11770833333333333
5 0.3390625 0.3104166666666667 0.059375 0.08645833333333333
3 0.278125 0.35520833333333335 0.04296875 0.025
3 0.3984375 0.359375 0.0421875 0.025
3 0.84765625 0.378125 0.03984375 0.021875
3 0.92421875 0.3802083333333333 0.0375 0.01875
5 0.8875 0.3385416666666667 0.05390625 0.071875
4 0.49921875 0.37916666666666665 0.02890625 0.07708333333333334
4 0.68203125 0.38958333333333334 0.0765625 0.07395833333333333
1 0.57421875 0.023958333333333335 0.0875 0.04791666666666667
1 0.78359375 0.22916666666666666 0.078125 0.026041666666666668
1 0.7859375 0.30416666666666664 0.075 0.028125
1 0.46875 0.2791666666666667 0.08125 0.035416666666666666
1 0.47421875 0.43854166666666666 0.0796875 0.05416666666666667
1 0.65 0.446875 0.05 0.04791666666666667
1 0.715625 0.4427083333333333 0.059375 0.052083333333333336
1 0.54375 0.6625 0.05703125 0.042708333333333334