1 0.64765625 0.075 0.08046875 0.06770833333333333
1 0.8390625 0.27395833333333336 0.07578125 0.03125
1 0.83359375 0.33958333333333335 0.0734375 0.03125
1 0.5375 0.315625 0.07265625 0.03333333333333333
1 0.5421875 0.45625 0.0640625 0.04895833333333333
1 0.70390625 0.46979166666666666 0.0484375 0.04375
1 0.765625 0.465625 0.05625 0.046875
4 0.56328125 0.4010416666666667 0.03359375 0.06458333333333334
4 0.73828125 0.415625 0.06953125 0.06770833333333333
2 0.39609375 0.24375 0.1015625 0.10104166666666667
5 0.41875 0.34479166666666666 0.053125 0.08125
5 0.93359375 0.37395833333333334 0.0484375 0.07395833333333333
3 0.3671875 0.3802083333333333 0.0453125 0.017708333333333333
3 0.46953125 0.3854166666666667 0.04296875 0.023958333333333335
3 0.8890625 0.4083333333333333 0.046875 0.014583333333333334
3 0.96484375 0.41041666666666665 0.0484375 0.021875
1 0.5984375 0.6697916666666667 0.05546875 0.041666666666666664
0 0.640625 0.19791666666666666 0.10859375 0.08854166666666667
0 0.63671875 0.325 0.10859375 0.08645833333333333