1 0.52578125 0.06770833333333333 0.08984375 0.07291666666666667
1 0.4265625 0.3229166666666667 0.1 0.03125
1 0.73046875 0.2708333333333333 0.07734375 0.03125
1 0.734375 0.340625 0.090625 0.030208333333333334
1 0.4421875 0.4739583333333333 0.0765625 0.06145833333333333
1 0.6140625 0.4791666666666667 0.05 0.051041666666666666
1 0.6765625 0.4708333333333333 0.059375 0.05625
1 0.52265625 0.6895833333333333 0.06171875 0.042708333333333334
0 0.53125 0.196875 0.109375 0.09479166666666666
0 0.53359375 0.3302083333333333 0.11875 0.09375
3 0.23671875 0.4 0.0578125 0.027083333333333334
3 0.36328125 0.4010416666666667 0.05234375 0.026041666666666668
3 0.7953125 0.4114583333333333 0.05 0.021875
3 0.8703125 0.41041666666666665 0.0484375 0.026041666666666668
5 0.3 0.35520833333333335 0.0609375 0.09166666666666666
5 0.83671875 0.371875 0.05546875 0.08333333333333333
4 0.4640625 0.409375 0.0328125 0.065625
4 0.64765625 0.4125 0.08046875 0.090625
2 0.26796875 0.24583333333333332 0.12265625 0.11041666666666666