1 0.5828125 0.04375 0.1015625 0.08333333333333333
1 0.4609375 0.28229166666666666 0.0921875 0.05
1 0.7609375 0.2989583333333333 0.0875 0.04583333333333333
1 0.7515625 0.3697916666666667 0.0796875 0.04375
1 0.45 0.434375 0.075 0.075
1 0.60546875 0.475 0.0546875 0.05625
1 0.675 0.4875 0.0640625 0.058333333333333334
1 0.49296875 0.6583333333333333 0.0671875 0.05625
3 0.265625 0.3125 0.0515625 0.0375
3 0.3859375 0.34375 0.053125 0.0375
3 0.79921875 0.45416666666666666 0.0453125 0.029166666666666667
3 0.8703125 0.4708333333333333 0.0515625 0.035416666666666666
5 0.32734375 0.28125 0.075 0.10208333333333333
5 0.84296875 0.42291666666666666 0.0671875 0.08333333333333333
4 0.47890625 0.36875 0.0421875 0.06666666666666667
4 0.6484375 0.41770833333333335 0.0953125 0.1
2 0.29140625 0.153125 0.1375 0.1375
0 0.565625 0.17083333333333334 0.1265625 0.125
0 0.55703125 0.309375 0.1265625 0.11666666666666667