0 0.39921875 0.134375 0.1375 0.1375
0 0.41328125 0.28020833333333334 0.13125 0.12916666666666668
2 0.14765625 0.2520833333333333 0.1265625 0.14583333333333334
5 0.13203125 0.3697916666666667 0.0671875 0.10208333333333333
3 0.071875 0.428125 0.053125 0.05
3 0.196875 0.403125 0.0484375 0.041666666666666664
1 0.31171875 0.453125 0.121875 0.1
1 0.26796875 0.3020833333333333 0.0953125 0.06875
4 0.32109375 0.3854166666666667 0.0734375 0.09166666666666666
4 0.5328125 0.35 0.08125 0.08958333333333333
1 0.50625 0.415625 0.0546875 0.06041666666666667
1 0.55703125 0.4010416666666667 0.071875 0.06875
1 0.60390625 0.246875 0.075 0.04583333333333333
1 0.5984375 0.16875 0.0765625 0.04583333333333333
5 0.715625 0.25416666666666665 0.0609375 0.08333333333333333
3 0.6734375 0.3072916666666667 0.040625 0.03333333333333333
3 0.75546875 0.290625 0.0328125 0.029166666666666667
1 0.43125 0.646875 0.0578125 0.052083333333333336
1 0.39140625 0.023958333333333335 0.06875 0.027083333333333334