1 0.46953125 0.07083333333333333 0.096875 0.08958333333333333
1 0.696875 0.21979166666666666 0.0828125 0.041666666666666664
1 0.70625 0.290625 0.0828125 0.04791666666666667
1 0.40390625 0.34270833333333334 0.0890625 0.052083333333333336
1 0.43984375 0.4875 0.0796875 0.07291666666666667
1 0.60546875 0.4510416666666667 0.053125 0.05625
1 0.6703125 0.43333333333333335 0.0625 0.06458333333333334
1 0.546875 0.6802083333333333 0.065625 0.05416666666666667
0 0.4890625 0.19583333333333333 0.128125 0.11875
0 0.51171875 0.325 0.1296875 0.11875
3 0.23046875 0.459375 0.0578125 0.04375
3 0.3484375 0.434375 0.0515625 0.0375
3 0.77734375 0.34375 0.0484375 0.035416666666666666
3 0.85234375 0.3260416666666667 0.053125 0.035416666666666666
5 0.28203125 0.40520833333333334 0.0734375 0.10208333333333333
5 0.8109375 0.29791666666666666 0.0640625 0.08958333333333333
4 0.45234375 0.42083333333333334 0.0453125 0.075
4 0.62890625 0.38229166666666664 0.0890625 0.1
2 0.23984375 0.30520833333333336 0.1375 0.12916666666666668