1 0.5515625 0.020833333333333332 0.0859375 0.041666666666666664
1 0.75859375 0.22708333333333333 0.078125 0.03229166666666667
1 0.75625 0.3 0.07265625 0.03333333333333333
1 0.43828125 0.278125 0.07890625 0.034375
1 0.45078125 0.43333333333333335 0.06796875 0.05520833333333333
1 0.62578125 0.440625 0.05546875 0.046875
1 0.6921875 0.4375 0.06015625 0.05
2 0.28046875 0.19479166666666667 0.1140625 0.1125
5 0.3046875 0.30833333333333335 0.05703125 0.08854166666666667
5 0.86015625 0.3333333333333333 0.04921875 0.07083333333333333
0 0.55 0.14375 0.11328125 0.09895833333333333
0 0.5484375 0.28541666666666665 0.11328125 0.09270833333333334
3 0.2453125 0.353125 0.05 0.027083333333333334
3 0.3640625 0.3572916666666667 0.0453125 0.023958333333333335
3 0.815625 0.375 0.05 0.01875
3 0.89765625 0.37604166666666666 0.0421875 0.023958333333333335
4 0.65859375 0.38229166666666664 0.0734375 0.06875
4 0.47265625 0.375 0.0375 0.075
1 0.525 0.6520833333333333 0.053125 0.040625