1 0.59296875 0.09791666666666667 0.0796875 0.06666666666666667
1 0.80078125 0.28958333333333336 0.0796875 0.035416666666666666
1 0.8046875 0.353125 0.0734375 0.035416666666666666
1 0.51796875 0.3375 0.0734375 0.041666666666666664
1 0.6890625 0.48333333333333334 0.0546875 0.04583333333333333
1 0.5296875 0.475 0.06875 0.05416666666666667
2 0.359375 0.26666666666666666 0.1140625 0.09583333333333334
5 0.4 0.36770833333333336 0.05625 0.08333333333333333
5 0.90390625 0.384375 0.05 0.06875
3 0.35703125 0.40625 0.05 0.022916666666666665
3 0.45703125 0.4083333333333333 0.0453125 0.020833333333333332
3 0.86875 0.42083333333333334 0.0375 0.020833333333333332
3 0.94296875 0.421875 0.0390625 0.025
4 0.71328125 0.4270833333333333 0.075 0.07083333333333333
4 0.53046875 0.42291666666666666 0.065625 0.075
0 0.59765625 0.21770833333333334 0.10625 0.08958333333333333
0 0.60703125 0.34375 0.109375 0.0875
1 0.6078125 0.6895833333333333 0.053125 0.03958333333333333