1 0.415625 0.07604166666666666 0.1 0.09791666666666667
1 0.66015625 0.21354166666666666 0.0765625 0.058333333333333334
1 0.6765625 0.28125 0.071875 0.05
1 0.36328125 0.36770833333333336 0.0859375 0.06458333333333334
1 0.4109375 0.5104166666666666 0.0890625 0.08333333333333333
1 0.59296875 0.4510416666666667 0.0640625 0.06666666666666667
1 0.646875 0.42916666666666664 0.0609375 0.06666666666666667
1 0.53828125 0.69375 0.0609375 0.06041666666666667
0 0.446875 0.20416666666666666 0.125 0.12708333333333333
0 0.4765625 0.33645833333333336 0.128125 0.125
4 0.403125 0.4510416666666667 0.078125 0.09166666666666666
4 0.60078125 0.390625 0.0828125 0.09375
5 0.7796875 0.278125 0.0625 0.08333333333333333
5 0.23984375 0.44166666666666665 0.0734375 0.10208333333333333
2 0.19609375 0.34270833333333334 0.1359375 0.14583333333333334
3 0.1890625 0.5083333333333333 0.040625 0.0375
3 0.31015625 0.46875 0.040625 0.03958333333333333
3 0.75234375 0.328125 0.0390625 0.029166666666666667
3 0.8265625 0.303125 0.0421875 0.03333333333333333