1 0.42265625 0.090625 0.0984375 0.09583333333333334
1 0.32421875 0.36041666666666666 0.0921875 0.05
1 0.62890625 0.24583333333333332 0.0890625 0.04375
1 0.6359375 0.3145833333333333 0.0796875 0.04375
1 0.36015625 0.5 0.084375 0.075
1 0.5375 0.46979166666666666 0.0484375 0.05625
1 0.5953125 0.453125 0.059375 0.06041666666666667
1 0.4703125 0.696875 0.0703125 0.052083333333333336
0 0.43359375 0.215625 0.128125 0.12291666666666666
0 0.446875 0.34375 0.1171875 0.11458333333333333
3 0.14765625 0.471875 0.0515625 0.035416666666666666
3 0.26328125 0.4510416666666667 0.0484375 0.035416666666666666
3 0.70078125 0.37083333333333335 0.0421875 0.029166666666666667
3 0.78125 0.3541666666666667 0.0578125 0.03333333333333333
5 0.1984375 0.4166666666666667 0.065625 0.09791666666666667
5 0.74140625 0.31979166666666664 0.059375 0.08541666666666667
4 0.37734375 0.4322916666666667 0.0625 0.07708333333333334
4 0.5625 0.403125 0.0796875 0.08541666666666667
2 0.1921875 0.3145833333333333 0.1296875 0.13333333333333333