1 0.49296875 0.06354166666666666 0.09140625 0.071875
1 0.3703125 0.3104166666666667 0.1015625 0.03229166666666667
1 0.68828125 0.2625 0.09375 0.025
1 0.68203125 0.334375 0.08515625 0.030208333333333334
1 0.56484375 0.471875 0.04765625 0.04895833333333333
1 0.62734375 0.46770833333333334 0.0609375 0.053125
1 0.3890625 0.4635416666666667 0.0796875 0.053125
1 0.4734375 0.678125 0.0640625 0.036458333333333336
0 0.4890625 0.19166666666666668 0.11328125 0.09583333333333334
0 0.48984375 0.32395833333333335 0.11328125 0.09270833333333334
3 0.1765625 0.38229166666666664 0.05625 0.028125
3 0.30078125 0.38645833333333335 0.046875 0.025
3 0.74453125 0.40729166666666666 0.046875 0.021875
3 0.82421875 0.4083333333333333 0.04921875 0.026041666666666668
5 0.23984375 0.3416666666666667 0.05859375 0.0875
5 0.78671875 0.36875 0.05390625 0.07708333333333334
4 0.4125 0.4 0.0546875 0.06979166666666667
4 0.5953125 0.40625 0.08046875 0.08125
2 0.24453125 0.24270833333333333 0.13125 0.109375