1 0.55234375 0.06666666666666667 0.096875 0.09166666666666666
1 0.73359375 0.325 0.075 0.052083333333333336
1 0.728125 0.3958333333333333 0.071875 0.04375
1 0.415625 0.30416666666666664 0.084375 0.05625
1 0.415625 0.46145833333333336 0.0875 0.07708333333333334
1 0.6 0.5052083333333334 0.0625 0.06041666666666667
1 0.65546875 0.515625 0.059375 0.06458333333333334
1 0.4765625 0.6979166666666666 0.059375 0.05625
0 0.5421875 0.20104166666666667 0.121875 0.11875
0 0.52890625 0.3375 0.125 0.11666666666666667
4 0.4265625 0.40208333333333335 0.075 0.08541666666666667
4 0.62578125 0.45416666666666666 0.0796875 0.08958333333333333
5 0.8234375 0.44895833333333335 0.059375 0.08125
5 0.2796875 0.30520833333333336 0.0703125 0.09791666666666667
2 0.2703125 0.190625 0.13125 0.1375
3 0.21328125 0.33958333333333335 0.0390625 0.03333333333333333
3 0.33671875 0.36875 0.0390625 0.035416666666666666
3 0.7828125 0.48020833333333335 0.0390625 0.025
3 0.8578125 0.4979166666666667 0.040625 0.029166666666666667