1 0.51953125 0.07083333333333333 0.0796875 0.06875
1 0.4265625 0.325 0.0890625 0.03229166666666667
1 0.728125 0.265625 0.0796875 0.025
1 0.73515625 0.3385416666666667 0.08984375 0.03125
1 0.44296875 0.47291666666666665 0.078125 0.058333333333333334
1 0.6109375 0.475 0.04296875 0.04791666666666667
1 0.6765625 0.4708333333333333 0.0640625 0.04791666666666667
1 0.52890625 0.6916666666666667 0.0609375 0.040625
0 0.52578125 0.20104166666666667 0.12421875 0.09895833333333333
0 0.53125 0.3302083333333333 0.1109375 0.09479166666666666
3 0.24140625 0.4010416666666667 0.05390625 0.027083333333333334
3 0.3609375 0.403125 0.0453125 0.023958333333333335
3 0.796875 0.4083333333333333 0.0453125 0.023958333333333335
3 0.871875 0.40729166666666666 0.05 0.020833333333333332
5 0.29765625 0.3572916666666667 0.059375 0.08854166666666667
5 0.83515625 0.3697916666666667 0.059375 0.078125
4 0.4625 0.41041666666666665 0.03515625 0.065625
4 0.6421875 0.4114583333333333 0.07578125 0.08854166666666667
2 0.2671875 0.246875 0.1296875 0.11770833333333333