1 0.54453125 0.06770833333333333 0.0984375 0.08958333333333333
1 0.39453125 0.28541666666666665 0.1046875 0.052083333333333336
1 0.7140625 0.30520833333333336 0.0953125 0.04375
1 0.69921875 0.37395833333333334 0.0875 0.04791666666666667
1 0.5671875 0.48541666666666666 0.053125 0.058333333333333334
1 0.6296875 0.4947916666666667 0.0671875 0.06458333333333334
1 0.39453125 0.440625 0.084375 0.06875
1 0.453125 0.6708333333333333 0.0671875 0.05
0 0.525 0.19270833333333334 0.1234375 0.11875
0 0.5109375 0.32395833333333335 0.1234375 0.11458333333333333
3 0.19453125 0.31666666666666665 0.059375 0.03958333333333333
3 0.31640625 0.3458333333333333 0.05 0.035416666666666666
3 0.75234375 0.459375 0.0484375 0.03125
3 0.83125 0.47708333333333336 0.0515625 0.035416666666666666
5 0.26171875 0.28958333333333336 0.06875 0.09791666666666667
5 0.7984375 0.43020833333333336 0.0625 0.0875
4 0.425 0.38333333333333336 0.0625 0.08125
4 0.60546875 0.4270833333333333 0.0890625 0.09791666666666667
2 0.278125 0.19270833333333334 0.1421875 0.13541666666666666