1 0.5625 0.08020833333333334 0.0890625 0.075
1 0.74921875 0.2947916666666667 0.0765625 0.03333333333333333
1 0.74609375 0.36354166666666665 0.0765625 0.03125
1 0.44140625 0.31875 0.0875 0.035416666666666666
1 0.44765625 0.4708333333333333 0.0671875 0.05625
1 0.6140625 0.490625 0.0421875 0.04791666666666667
1 0.67890625 0.4895833333333333 0.0546875 0.052083333333333336
1 0.50859375 0.6958333333333333 0.05625 0.0375
0 0.55625 0.20520833333333333 0.115625 0.09791666666666667
0 0.54921875 0.3375 0.1109375 0.09375
3 0.25234375 0.38125 0.04375 0.03125
3 0.36796875 0.3927083333333333 0.0421875 0.029166666666666667
3 0.80703125 0.43854166666666666 0.05 0.029166666666666667
3 0.88515625 0.4479166666666667 0.0453125 0.025
5 0.3125 0.3385416666666667 0.06875 0.08958333333333333
5 0.846875 0.40208333333333335 0.0515625 0.075
4 0.4734375 0.4083333333333333 0.04375 0.06458333333333334
4 0.6515625 0.43333333333333335 0.0890625 0.07291666666666667
2 0.29296875 0.23229166666666667 0.115625 0.11041666666666666