0 0.55078125 0.2875 0.12265625 0.1
0 0.54609375 0.14479166666666668 0.125 0.10208333333333333
1 0.69296875 0.4375 0.0625 0.05416666666666667
1 0.62578125 0.4427083333333333 0.05546875 0.052083333333333336
1 0.446875 0.434375 0.09296875 0.06666666666666667
1 0.4375 0.2760416666666667 0.090625 0.03958333333333333
1 0.525 0.6541666666666667 0.05703125 0.04479166666666667
1 0.759375 0.3 0.08046875 0.034375
1 0.75390625 0.225 0.08359375 0.028125
2 0.27890625 0.190625 0.11953125 0.1125
1 0.55078125 0.022916666666666665 0.0953125 0.04479166666666667
5 0.30546875 0.30625 0.0671875 0.09375
5 0.8609375 0.33125 0.0484375 0.06979166666666667
3 0.24921875 0.3541666666666667 0.06796875 0.03333333333333333
3 0.3640625 0.35833333333333334 0.05859375 0.027083333333333334
3 0.815625 0.3770833333333333 0.053125 0.025
3 0.896875 0.3770833333333333 0.04765625 0.020833333333333332
4 0.65546875 0.37916666666666665 0.08203125 0.08541666666666667
4 0.47421875 0.3697916666666667 0.05 0.07291666666666667