1 0.52734375 0.06458333333333334 0.096875 0.08333333333333333
1 0.3859375 0.29375 0.103125 0.04583333333333333
1 0.70625 0.28958333333333336 0.0953125 0.0375
1 0.69375 0.36041666666666666 0.0875 0.041666666666666664
1 0.56640625 0.48125 0.0515625 0.05625
1 0.62890625 0.48541666666666666 0.0640625 0.06041666666666667
1 0.3921875 0.4479166666666667 0.0828125 0.06458333333333334
1 0.459375 0.6739583333333333 0.0671875 0.04583333333333333
0 0.51328125 0.19166666666666668 0.1203125 0.11041666666666666
0 0.50390625 0.32395833333333335 0.1203125 0.10833333333333334
3 0.1875 0.3375 0.0578125 0.035416666666666666
3 0.3109375 0.359375 0.0484375 0.03125
3 0.75078125 0.44166666666666665 0.0484375 0.029166666666666667
3 0.8296875 0.45416666666666666 0.0515625 0.03333333333333333
5 0.25390625 0.30625 0.065625 0.09583333333333334
5 0.7953125 0.409375 0.059375 0.08333333333333333
4 0.42109375 0.3885416666666667 0.059375 0.07708333333333334
4 0.60234375 0.4197916666666667 0.0859375 0.09166666666666666
2 0.26640625 0.20833333333333334 0.1390625 0.12708333333333333