1 0.603125 0.08854166666666667 0.0921875 0.08333333333333333
1 0.778125 0.3260416666666667 0.0875 0.03958333333333333
1 0.76640625 0.396875 0.08125 0.03958333333333333
1 0.45703125 0.31979166666666664 0.09375 0.05
1 0.446875 0.46979166666666666 0.078125 0.06875
1 0.6234375 0.5083333333333333 0.046875 0.052083333333333336
1 0.684375 0.5177083333333333 0.0546875 0.05625
1 0.49921875 0.7 0.0671875 0.04791666666666667
0 0.58671875 0.21770833333333334 0.11875 0.10625
0 0.56484375 0.34791666666666665 0.1234375 0.10833333333333334
3 0.2625 0.35833333333333334 0.05 0.03333333333333333
3 0.37890625 0.384375 0.059375 0.03125
3 0.8171875 0.4791666666666667 0.05 0.035416666666666666
3 0.89765625 0.4947916666666667 0.0453125 0.03125
5 0.328125 0.3260416666666667 0.065625 0.09791666666666667
5 0.86328125 0.4479166666666667 0.065625 0.08541666666666667
4 0.484375 0.4083333333333333 0.046875 0.06875
2 0.32578125 0.21770833333333334 0.1265625 0.12083333333333333
4 0.66328125 0.45208333333333334 0.0828125 0.09375