0 0.475 0.19270833333333334 0.1234375 0.09270833333333334
0 0.47109375 0.33125 0.10859375 0.0875
1 0.33984375 0.31979166666666664 0.096875 0.036458333333333336
1 0.66796875 0.34479166666666666 0.0734375 0.029166666666666667
1 0.6671875 0.27395833333333336 0.08203125 0.026041666666666668
1 0.35859375 0.4708333333333333 0.0671875 0.052083333333333336
1 0.546875 0.4791666666666667 0.0453125 0.052083333333333336
1 0.60859375 0.47708333333333336 0.05390625 0.05
1 0.446875 0.6885416666666667 0.0609375 0.040625
1 0.48046875 0.06041666666666667 0.08984375 0.07291666666666667
3 0.13984375 0.390625 0.05703125 0.03125
3 0.2609375 0.396875 0.0484375 0.025
3 0.72734375 0.41875 0.05 0.028125
3 0.81171875 0.42083333333333334 0.0515625 0.028125
5 0.20390625 0.3458333333333333 0.065625 0.08541666666666667
5 0.77421875 0.3770833333333333 0.05859375 0.06875
4 0.3828125 0.4083333333333333 0.0671875 0.06666666666666667
4 0.58203125 0.41770833333333335 0.09296875 0.075
2 0.221875 0.23229166666666667 0.1125 0.09375