1 0.43203125 0.321875 0.090625 0.03333333333333333
1 0.73515625 0.35208333333333336 0.071875 0.029166666666666667
1 0.61796875 0.48020833333333335 0.0453125 0.04791666666666667
1 0.678125 0.4791666666666667 0.053125 0.05
1 0.45 0.47291666666666665 0.0671875 0.058333333333333334
1 0.734375 0.28125 0.0734375 0.03333333333333333
1 0.5328125 0.071875 0.090625 0.07291666666666667
1 0.52265625 0.69375 0.0625 0.04375
0 0.53828125 0.3333333333333333 0.10625 0.0875
0 0.53359375 0.20104166666666667 0.1078125 0.09791666666666667
2 0.271875 0.23645833333333333 0.1109375 0.1125
3 0.24375 0.390625 0.0328125 0.025
3 0.36484375 0.39791666666666664 0.03125 0.022916666666666665
3 0.7984375 0.421875 0.0359375 0.025
3 0.87734375 0.42604166666666665 0.0328125 0.022916666666666665
5 0.30234375 0.34479166666666666 0.0609375 0.08333333333333333
5 0.83671875 0.384375 0.059375 0.07291666666666667
4 0.46953125 0.41041666666666665 0.034375 0.06666666666666667
4 0.6421875 0.421875 0.0859375 0.06458333333333334