1 0.36015625 0.3229166666666667 0.096875 0.029166666666666667
1 0.48828125 0.06875 0.09375 0.071875
1 0.6796875 0.27395833333333336 0.0828125 0.025
1 0.67890625 0.3458333333333333 0.08125 0.025
1 0.5609375 0.48020833333333335 0.04453125 0.04583333333333333
1 0.62109375 0.478125 0.05390625 0.04479166666666667
1 0.38515625 0.471875 0.0640625 0.05520833333333333
1 0.46484375 0.6895833333333333 0.05859375 0.035416666666666666
0 0.48359375 0.19791666666666666 0.11796875 0.09479166666666666
0 0.4859375 0.33229166666666665 0.1140625 0.09166666666666666
3 0.165625 0.396875 0.0515625 0.025
3 0.28359375 0.40208333333333335 0.04296875 0.029166666666666667
3 0.7390625 0.41875 0.0484375 0.026041666666666668
3 0.82421875 0.42083333333333334 0.05859375 0.030208333333333334
5 0.22734375 0.35 0.0671875 0.0875
5 0.7796875 0.375 0.05546875 0.071875
4 0.4 0.4125 0.05390625 0.07395833333333333
4 0.590625 0.4166666666666667 0.07578125 0.08541666666666667
2 0.23671875 0.23541666666666666 0.128125 0.12604166666666666