1 0.58203125 0.09375 0.07734375 0.06354166666666666
1 0.7953125 0.2760416666666667 0.07890625 0.03125
1 0.80078125 0.3385416666666667 0.07265625 0.03229166666666667
1 0.5140625 0.33645833333333336 0.07265625 0.0375
1 0.68828125 0.475 0.05390625 0.042708333333333334
1 0.52890625 0.4739583333333333 0.0671875 0.052083333333333336
2 0.353125 0.27291666666666664 0.11171875 0.09166666666666666
5 0.396875 0.3729166666666667 0.05390625 0.08125
5 0.90078125 0.365625 0.04765625 0.06666666666666667
3 0.3546875 0.4125 0.05 0.020833333333333332
3 0.4546875 0.41041666666666665 0.04453125 0.019791666666666666
3 0.86640625 0.4041666666666667 0.0375 0.01875
3 0.940625 0.4010416666666667 0.03828125 0.023958333333333335
4 0.7109375 0.41770833333333335 0.0734375 0.06770833333333333
4 0.528125 0.421875 0.06328125 0.07291666666666667
0 0.58984375 0.21354166666666666 0.10390625 0.084375
0 0.603125 0.3385416666666667 0.10703125 0.08333333333333333
1 0.6125 0.684375 0.0515625 0.0375