1 0.43671875 0.06875 0.0875 0.07291666666666667
1 0.6359375 0.2708333333333333 0.075 0.03333333333333333
1 0.64140625 0.33958333333333335 0.0703125 0.029166666666666667
1 0.3171875 0.33125 0.078125 0.035416666666666666
1 0.5390625 0.48020833333333335 0.0515625 0.04791666666666667
1 0.34765625 0.48020833333333335 0.065625 0.05416666666666667
1 0.43828125 0.7 0.05625 0.04583333333333333
0 0.4390625 0.2 0.115625 0.09166666666666666
0 0.446875 0.3333333333333333 0.1140625 0.09375
2 0.184375 0.2552083333333333 0.1125 0.1125
5 0.18203125 0.3625 0.0609375 0.08541666666666667
5 0.74609375 0.3697916666666667 0.046875 0.07291666666666667
4 0.36171875 0.421875 0.046875 0.07291666666666667
4 0.5578125 0.42291666666666666 0.0734375 0.06875
3 0.12109375 0.41041666666666665 0.040625 0.022916666666666665
3 0.2453125 0.409375 0.040625 0.025
3 0.70859375 0.409375 0.034375 0.014583333333333334
3 0.7859375 0.409375 0.0375 0.0125
1 0.59296875 0.4739583333333333 0.0515625 0.052083333333333336