1 0.51015625 0.05625 0.08203125 0.07395833333333333
1 0.39296875 0.3145833333333333 0.07578125 0.030208333333333334
1 0.70859375 0.26458333333333334 0.0796875 0.022916666666666665
1 0.70859375 0.33229166666666665 0.075 0.027083333333333334
1 0.590625 0.46875 0.04140625 0.04479166666666667
1 0.65390625 0.46458333333333335 0.0515625 0.04375
1 0.42421875 0.46458333333333335 0.05546875 0.05520833333333333
1 0.496875 0.6854166666666667 0.0546875 0.040625
0 0.5078125 0.18645833333333334 0.10859375 0.09166666666666666
0 0.51328125 0.32083333333333336 0.1140625 0.09270833333333334
3 0.20625 0.3927083333333333 0.053125 0.028125
3 0.32265625 0.39375 0.046875 0.025
3 0.77109375 0.4041666666666667 0.0453125 0.027083333333333334
3 0.85234375 0.40625 0.05078125 0.023958333333333335
5 0.26171875 0.34375 0.06171875 0.08125
5 0.81640625 0.3625 0.06171875 0.06875
2 0.25078125 0.2375 0.1140625 0.10729166666666666
4 0.43671875 0.4010416666666667 0.0453125 0.06458333333333334
4 0.6265625 0.4083333333333333 0.08359375 0.06979166666666667