1 0.475 0.046875 0.0875 0.0875
1 0.36875 0.3177083333333333 0.0734375 0.04583333333333333
1 0.6625 0.21041666666666667 0.06875 0.041666666666666664
1 0.66484375 0.2760416666666667 0.065625 0.041666666666666664
1 0.39609375 0.45 0.065625 0.0625
1 0.57265625 0.42604166666666665 0.0484375 0.05
1 0.6203125 0.4125 0.0578125 0.05625
1 0.49375 0.6354166666666666 0.0515625 0.04583333333333333
3 0.19921875 0.41875 0.0453125 0.029166666666666667
3 0.3046875 0.40208333333333335 0.04375 0.027083333333333334
3 0.7265625 0.33229166666666665 0.034375 0.025
3 0.803125 0.31979166666666664 0.03125 0.022916666666666665
2 0.25546875 0.265625 0.1109375 0.12291666666666666
5 0.2515625 0.3697916666666667 0.05625 0.0875
5 0.765625 0.28854166666666664 0.0515625 0.075
4 0.41171875 0.39791666666666664 0.059375 0.08333333333333333
4 0.5953125 0.36770833333333336 0.0765625 0.08125
0 0.48125 0.17083333333333334 0.1125 0.10833333333333334
0 0.48828125 0.2989583333333333 0.109375 0.10416666666666667