1 0.47265625 0.03333333333333333 0.0921875 0.06666666666666667
1 0.71015625 0.19375 0.075 0.04375
1 0.7234375 0.2635416666666667 0.075 0.04375
1 0.5453125 0.6625 0.0578125 0.05416666666666667
1 0.42265625 0.29375 0.0828125 0.04375
1 0.61640625 0.428125 0.05625 0.058333333333333334
1 0.67421875 0.41041666666666665 0.046875 0.05625
1 0.44921875 0.453125 0.0828125 0.07083333333333333
0 0.49140625 0.15625 0.121875 0.11666666666666667
0 0.509375 0.290625 0.1234375 0.11875
2 0.22109375 0.26145833333333335 0.1359375 0.14166666666666666
5 0.296875 0.35208333333333336 0.075 0.10416666666666667
5 0.821875 0.27708333333333335 0.05625 0.07708333333333334
4 0.63125 0.36354166666666665 0.084375 0.08333333333333333
4 0.4609375 0.3645833333333333 0.01875 0.020833333333333332
3 0.24609375 0.4083333333333333 0.0453125 0.035416666666666666
3 0.36796875 0.390625 0.0375 0.03125
3 0.7890625 0.32395833333333335 0.034375 0.025
3 0.85859375 0.3104166666666667 0.034375 0.025