1 0.578125 0.03229166666666667 0.0875 0.06458333333333334
1 0.80546875 0.24166666666666667 0.08125 0.03958333333333333
1 0.815625 0.31145833333333334 0.07734375 0.034375
1 0.503125 0.30416666666666664 0.08515625 0.03854166666666667
1 0.6875 0.4583333333333333 0.05390625 0.046875
1 0.75546875 0.453125 0.06015625 0.052083333333333336
1 0.5140625 0.45729166666666665 0.0734375 0.05625
1 0.5921875 0.68125 0.05703125 0.04791666666666667
0 0.5875 0.16666666666666666 0.11640625 0.09791666666666667
0 0.596875 0.3072916666666667 0.1140625 0.09791666666666667
2 0.3203125 0.22604166666666667 0.1359375 0.11666666666666667
5 0.371875 0.3375 0.059375 0.08854166666666667
5 0.9140625 0.34375 0.053125 0.06979166666666667
4 0.51328125 0.39791666666666664 0.06484375 0.07083333333333333
4 0.709375 0.39895833333333336 0.078125 0.075
3 0.315625 0.3875 0.03828125 0.023958333333333335
3 0.43671875 0.3875 0.0359375 0.021875
3 0.8796875 0.3854166666666667 0.03515625 0.022916666666666665
3 0.95625 0.384375 0.0390625 0.021875