0 0.5984375 0.16145833333333334 0.1234375 0.12083333333333333
0 0.5875 0.30520833333333336 0.1296875 0.12083333333333333
2 0.31796875 0.15833333333333333 0.1390625 0.14375
5 0.3640625 0.27395833333333336 0.0734375 0.10208333333333333
5 0.8875 0.41770833333333335 0.0640625 0.08125
4 0.51171875 0.38125 0.0296875 0.08541666666666667
4 0.68203125 0.421875 0.090625 0.09166666666666666
1 0.60625 0.041666666666666664 0.0890625 0.06666666666666667
1 0.803125 0.2875 0.084375 0.041666666666666664
1 0.7953125 0.3625 0.0828125 0.04791666666666667
1 0.49140625 0.271875 0.09375 0.058333333333333334
1 0.48515625 0.434375 0.0796875 0.06666666666666667
1 0.65078125 0.475 0.0609375 0.06458333333333334
1 0.7140625 0.484375 0.065625 0.06458333333333334
1 0.52578125 0.6697916666666667 0.0671875 0.058333333333333334
3 0.3015625 0.30833333333333335 0.053125 0.03958333333333333
3 0.4203125 0.3375 0.0421875 0.035416666666666666
3 0.84921875 0.4479166666666667 0.0421875 0.03125
3 0.921875 0.465625 0.0453125 0.03333333333333333