1 0.5921875 0.09166666666666666 0.09375 0.08541666666666667
1 0.4484375 0.31354166666666666 0.084375 0.05
1 0.76484375 0.32916666666666666 0.0859375 0.041666666666666664
1 0.7515625 0.39791666666666664 0.0859375 0.04375
1 0.61171875 0.5072916666666667 0.05 0.052083333333333336
1 0.6765625 0.5166666666666667 0.0578125 0.05625
1 0.44375 0.46458333333333335 0.0796875 0.07291666666666667
1 0.48671875 0.6958333333333333 0.071875 0.05416666666666667
0 0.57421875 0.215625 0.11875 0.1125
0 0.55859375 0.3458333333333333 0.1203125 0.10833333333333334
3 0.2515625 0.3489583333333333 0.053125 0.03333333333333333
3 0.36875 0.375 0.0453125 0.03333333333333333
3 0.79921875 0.4791666666666667 0.046875 0.03333333333333333
3 0.88203125 0.5010416666666667 0.05 0.03333333333333333
5 0.31875 0.31666666666666665 0.06875 0.09791666666666667
5 0.84765625 0.44895833333333335 0.059375 0.08541666666666667
2 0.3140625 0.20833333333333334 0.125 0.125
4 0.47578125 0.40520833333333334 0.05 0.07291666666666667
4 0.653125 0.4510416666666667 0.0875 0.1