1 0.3953125 0.1125 0.09375 0.09375
1 0.61328125 0.26145833333333335 0.0796875 0.052083333333333336
1 0.6234375 0.32916666666666666 0.071875 0.04583333333333333
1 0.3078125 0.396875 0.0859375 0.058333333333333334
1 0.34765625 0.5354166666666667 0.08125 0.07083333333333333
1 0.54296875 0.48854166666666665 0.0609375 0.058333333333333334
1 0.58984375 0.4708333333333333 0.0625 0.06041666666666667
1 0.471875 0.728125 0.0609375 0.06041666666666667
2 0.1703125 0.35520833333333335 0.1203125 0.13541666666666666
0 0.41171875 0.2375 0.1234375 0.12083333333333333
0 0.4328125 0.36770833333333336 0.125 0.11875
5 0.17890625 0.4635416666666667 0.0703125 0.1
5 0.7296875 0.33229166666666665 0.059375 0.08333333333333333
3 0.12109375 0.521875 0.046875 0.035416666666666666
3 0.2421875 0.490625 0.04375 0.0375
3 0.69375 0.38125 0.0359375 0.027083333333333334
3 0.77265625 0.3614583333333333 0.0390625 0.029166666666666667
4 0.36015625 0.47604166666666664 0.065625 0.09166666666666666
4 0.553125 0.428125 0.08125 0.0875