1 0.32109375 0.3375 0.0953125 0.04791666666666667
1 0.43125 0.06666666666666667 0.09375 0.08125
1 0.64140625 0.2552083333333333 0.0859375 0.041666666666666664
1 0.64453125 0.325 0.0796875 0.0375
1 0.35390625 0.48541666666666666 0.06875 0.06458333333333334
1 0.540625 0.475 0.0546875 0.05625
1 0.5921875 0.465625 0.05625 0.05625
1 0.4546875 0.6979166666666666 0.0625 0.041666666666666664
0 0.44375 0.19895833333333332 0.121875 0.11041666666666666
0 0.44921875 0.3333333333333333 0.1203125 0.10833333333333334
3 0.1265625 0.4354166666666667 0.05 0.03125
3 0.253125 0.42604166666666665 0.053125 0.03333333333333333
3 0.71484375 0.390625 0.053125 0.03333333333333333
3 0.78984375 0.38125 0.053125 0.035416666666666666
5 0.1875 0.38333333333333336 0.071875 0.09791666666666667
5 0.7484375 0.34375 0.0578125 0.07291666666666667
4 0.36875 0.421875 0.059375 0.07291666666666667
4 0.56484375 0.40625 0.0796875 0.08333333333333333
2 0.18515625 0.26979166666666665 0.128125 0.12083333333333333