1 0.53359375 0.030208333333333334 0.0953125 0.06041666666666667
1 0.415625 0.290625 0.09609375 0.03333333333333333
1 0.72890625 0.24791666666666667 0.084375 0.03125
1 0.728125 0.3177083333333333 0.0875 0.03333333333333333
1 0.42109375 0.44479166666666664 0.08671875 0.059375
1 0.59453125 0.4552083333333333 0.04609375 0.051041666666666666
1 0.6625 0.45208333333333334 0.0609375 0.052083333333333336
1 0.49140625 0.6625 0.0625 0.041666666666666664
0 0.52890625 0.159375 0.11796875 0.09479166666666666
0 0.52109375 0.3 0.11953125 0.09375
3 0.21953125 0.36354166666666665 0.05703125 0.029166666666666667
3 0.34296875 0.37083333333333335 0.05 0.026041666666666668
3 0.78359375 0.39375 0.05 0.01875
3 0.85703125 0.3958333333333333 0.04765625 0.022916666666666665
4 0.44765625 0.3802083333333333 0.03515625 0.07083333333333333
4 0.63203125 0.38229166666666664 0.08515625 0.08229166666666667
5 0.2828125 0.315625 0.0703125 0.09166666666666666
5 0.82421875 0.3541666666666667 0.05625 0.07083333333333333
2 0.2484375 0.2 0.1171875 0.11458333333333333