1 0.5515625 0.03854166666666667 0.08984375 0.07604166666666666
1 0.77578125 0.24791666666666667 0.0765625 0.03854166666666667
1 0.78125 0.31979166666666664 0.075 0.03333333333333333
1 0.46796875 0.31145833333333334 0.08046875 0.0375
1 0.65859375 0.46458333333333335 0.046875 0.04791666666666667
1 0.7234375 0.4583333333333333 0.05859375 0.04791666666666667
1 0.4859375 0.4635416666666667 0.07265625 0.05625
1 0.5703125 0.6833333333333333 0.053125 0.040625
0 0.559375 0.17395833333333333 0.1125 0.090625
0 0.56875 0.3125 0.115625 0.09479166666666666
2 0.29140625 0.23229166666666667 0.1171875 0.1125
5 0.33671875 0.3458333333333333 0.0609375 0.0875
5 0.88203125 0.35104166666666664 0.05390625 0.071875
3 0.28046875 0.39375 0.04140625 0.028125
3 0.40078125 0.3927083333333333 0.04453125 0.026041666666666668
3 0.84609375 0.390625 0.03984375 0.019791666666666666
3 0.92265625 0.390625 0.0390625 0.019791666666666666
4 0.68203125 0.40520833333333334 0.0734375 0.07291666666666667
4 0.484375 0.40520833333333334 0.06796875 0.07708333333333334