1 0.484375 0.06875 0.09140625 0.06979166666666667
1 0.346875 0.32083333333333336 0.08984375 0.03229166666666667
1 0.67109375 0.3458333333333333 0.08203125 0.027083333333333334
1 0.36796875 0.4708333333333333 0.0734375 0.05625
1 0.54765625 0.48125 0.04453125 0.046875
1 0.60625 0.4791666666666667 0.05 0.04895833333333333
1 0.66875 0.2791666666666667 0.07109375 0.029166666666666667
1 0.44765625 0.690625 0.0578125 0.035416666666666666
0 0.47578125 0.196875 0.1109375 0.09375
0 0.475 0.33229166666666665 0.109375 0.08958333333333333
3 0.15390625 0.3927083333333333 0.05546875 0.026041666666666668
3 0.27421875 0.39895833333333336 0.05 0.025
3 0.7265625 0.42083333333333334 0.059375 0.025
3 0.81015625 0.421875 0.04765625 0.022916666666666665
5 0.21328125 0.35104166666666664 0.0578125 0.08541666666666667
5 0.77109375 0.38125 0.059375 0.07604166666666666
4 0.38671875 0.4114583333333333 0.06171875 0.075
4 0.5796875 0.421875 0.07109375 0.07604166666666666
2 0.2328125 0.240625 0.128125 0.11145833333333334