1 0.5203125 0.06666666666666667 0.090625 0.075
1 0.42421875 0.325 0.1 0.03333333333333333
1 0.72734375 0.265625 0.078125 0.03333333333333333
1 0.73203125 0.33541666666666664 0.090625 0.03333333333333333
1 0.4421875 0.475 0.078125 0.0625
1 0.6140625 0.47604166666666664 0.05 0.052083333333333336
1 0.67578125 0.4666666666666667 0.059375 0.058333333333333334
1 0.525 0.6885416666666667 0.0625 0.04375
0 0.52734375 0.19583333333333333 0.1109375 0.09791666666666667
0 0.53125 0.32916666666666666 0.1203125 0.09583333333333334
3 0.23515625 0.40625 0.0578125 0.029166666666666667
3 0.36171875 0.4041666666666667 0.053125 0.027083333333333334
3 0.79375 0.4041666666666667 0.05 0.022916666666666665
3 0.86875 0.40208333333333335 0.0484375 0.027083333333333334
5 0.2984375 0.359375 0.0625 0.09375
5 0.83515625 0.36354166666666665 0.05625 0.08541666666666667
4 0.4625 0.41041666666666665 0.034375 0.06666666666666667
4 0.646875 0.409375 0.08125 0.09166666666666666
2 0.26484375 0.25104166666666666 0.1234375 0.1125