1 0.50703125 0.021875 0.0890625 0.04375
1 0.73203125 0.1875 0.08125 0.04375
1 0.7359375 0.259375 0.075 0.04583333333333333
1 0.41875 0.28958333333333336 0.08125 0.04791666666666667
1 0.4453125 0.44166666666666665 0.071875 0.06666666666666667
1 0.61953125 0.42083333333333334 0.059375 0.05625
1 0.68515625 0.40625 0.0640625 0.06041666666666667
2 0.25390625 0.23229166666666667 0.1234375 0.12916666666666668
5 0.28828125 0.3416666666666667 0.0640625 0.09791666666666667
5 0.8421875 0.2760416666666667 0.0546875 0.07916666666666666
0 0.5171875 0.13854166666666667 0.121875 0.11666666666666667
0 0.528125 0.2791666666666667 0.1203125 0.11041666666666666
3 0.23359375 0.3958333333333333 0.0515625 0.035416666666666666
3 0.35234375 0.3802083333333333 0.046875 0.03125
3 0.8015625 0.325 0.0515625 0.027083333333333334
3 0.88359375 0.3125 0.04375 0.03125
4 0.646875 0.3572916666666667 0.0796875 0.07916666666666666
4 0.46171875 0.3802083333333333 0.04375 0.08125
1 0.5390625 0.646875 0.05625 0.04791666666666667