1 0.46640625 0.09270833333333334 0.0828125 0.07083333333333333
1 0.32890625 0.33958333333333335 0.0796875 0.041666666666666664
1 0.64921875 0.30625 0.071875 0.0375
1 0.6484375 0.3729166666666667 0.0703125 0.035416666666666666
1 0.5375 0.503125 0.0515625 0.04791666666666667
1 0.5890625 0.5020833333333333 0.05625 0.05
1 0.34140625 0.484375 0.0734375 0.05416666666666667
1 0.4265625 0.7114583333333333 0.05625 0.04375
0 0.46015625 0.21875 0.1125 0.09375
0 0.4578125 0.3489583333333333 0.1140625 0.09166666666666666
2 0.209375 0.2552083333333333 0.1125 0.11041666666666666
5 0.1921875 0.36041666666666666 0.059375 0.08541666666666667
5 0.75078125 0.4125 0.05 0.07291666666666667
3 0.12890625 0.4 0.053125 0.027083333333333334
3 0.25 0.41041666666666665 0.053125 0.022916666666666665
3 0.7078125 0.4479166666666667 0.046875 0.01875
3 0.78984375 0.45416666666666666 0.0453125 0.01875
4 0.56171875 0.45 0.075 0.075
4 0.3671875 0.43125 0.0546875 0.07708333333333334