1 0.52578125 0.06979166666666667 0.0890625 0.07083333333333333
1 0.73046875 0.26979166666666665 0.08046875 0.022916666666666665
1 0.73046875 0.3416666666666667 0.08046875 0.029166666666666667
1 0.42578125 0.3229166666666667 0.08671875 0.03333333333333333
1 0.4421875 0.4739583333333333 0.0734375 0.05625
1 0.61015625 0.47604166666666664 0.0484375 0.04583333333333333
1 0.6765625 0.4739583333333333 0.05703125 0.052083333333333336
1 0.52265625 0.6885416666666667 0.0609375 0.040625
0 0.52890625 0.19791666666666666 0.11796875 0.09270833333333334
0 0.534375 0.3302083333333333 0.11953125 0.09270833333333334
3 0.23984375 0.39791666666666664 0.05390625 0.03125
3 0.359375 0.4 0.0484375 0.026041666666666668
3 0.79375 0.41041666666666665 0.04609375 0.026041666666666668
3 0.86953125 0.41041666666666665 0.05078125 0.023958333333333335
5 0.29765625 0.35625 0.0625 0.08958333333333333
5 0.8328125 0.3729166666666667 0.05390625 0.07916666666666666
4 0.46328125 0.4114583333333333 0.0375 0.06770833333333333
4 0.6421875 0.41354166666666664 0.07890625 0.08229166666666667
2 0.26953125 0.24791666666666667 0.12578125 0.10208333333333333