1 0.43046875 0.321875 0.08984375 0.0375
1 0.746875 0.284375 0.0921875 0.023958333333333335
1 0.74140625 0.359375 0.0765625 0.029166666666666667
1 0.61328125 0.48854166666666665 0.04609375 0.04895833333333333
1 0.67421875 0.4875 0.05234375 0.05416666666666667
1 0.44140625 0.48020833333333335 0.06328125 0.057291666666666664
1 0.56875 0.07604166666666666 0.0859375 0.06875
1 0.4984375 0.6958333333333333 0.06171875 0.03333333333333333
0 0.55625 0.20416666666666666 0.109375 0.09166666666666666
0 0.54453125 0.3385416666666667 0.11171875 0.08854166666666667
3 0.234375 0.390625 0.05 0.027083333333333334
3 0.35234375 0.4010416666666667 0.04375 0.025
3 0.803125 0.4354166666666667 0.05 0.029166666666666667
3 0.88125 0.440625 0.04765625 0.027083333333333334
5 0.29921875 0.34479166666666666 0.0609375 0.08333333333333333
5 0.84296875 0.396875 0.05234375 0.071875
2 0.29765625 0.2375 0.12890625 0.11458333333333333
4 0.4625 0.41354166666666664 0.04453125 0.06875
4 0.65 0.43125 0.0859375 0.06770833333333333