1 0.534375 0.08020833333333334 0.075 0.06354166666666666
1 0.68046875 0.284375 0.065625 0.026041666666666668
1 0.67109375 0.34791666666666665 0.0625 0.023958333333333335
1 0.3828125 0.3104166666666667 0.07265625 0.034375
1 0.38125 0.4427083333333333 0.06484375 0.04895833333333333
1 0.55703125 0.46458333333333335 0.04296875 0.040625
1 0.60546875 0.465625 0.05234375 0.04375
1 0.44140625 0.65 0.04765625 0.0375
0 0.5171875 0.19895833333333332 0.10078125 0.08541666666666667
0 0.5015625 0.32083333333333336 0.10078125 0.08229166666666667
2 0.284375 0.23020833333333332 0.0984375 0.09791666666666667
5 0.2609375 0.33125 0.04609375 0.078125
5 0.765625 0.38645833333333335 0.04453125 0.06458333333333334
3 0.19609375 0.3625 0.034375 0.021875
3 0.303125 0.37395833333333334 0.0375 0.021875
3 0.71640625 0.41770833333333335 0.04140625 0.021875
3 0.79296875 0.42291666666666666 0.04140625 0.01875
4 0.5890625 0.41458333333333336 0.06484375 0.0625
4 0.4078125 0.39375 0.0546875 0.06875