1 0.55234375 0.07395833333333333 0.0984375 0.08958333333333333
1 0.40234375 0.453125 0.0765625 0.07083333333333333
1 0.57578125 0.49583333333333335 0.053125 0.05625
1 0.6375 0.5052083333333334 0.059375 0.06041666666666667
1 0.4015625 0.2989583333333333 0.1 0.052083333333333336
1 0.71640625 0.31875 0.0875 0.04583333333333333
1 0.71015625 0.3875 0.08125 0.04583333333333333
1 0.45625 0.6822916666666666 0.06875 0.058333333333333334
0 0.53359375 0.19895833333333332 0.128125 0.11666666666666667
0 0.51640625 0.33229166666666665 0.1203125 0.1125
3 0.20078125 0.3333333333333333 0.0453125 0.035416666666666666
3 0.31796875 0.3625 0.0390625 0.03125
3 0.76171875 0.4708333333333333 0.046875 0.035416666666666666
3 0.84140625 0.48854166666666665 0.05 0.0375
5 0.26796875 0.303125 0.065625 0.09583333333333334
5 0.809375 0.44166666666666665 0.0546875 0.08125
4 0.42734375 0.39375 0.0578125 0.07708333333333334
4 0.609375 0.44166666666666665 0.078125 0.08958333333333333
2 0.27890625 0.19166666666666668 0.1359375 0.13333333333333333