1 0.52578125 0.04791666666666667 0.0828125 0.07083333333333333
1 0.7015625 0.240625 0.071875 0.035416666666666666
1 0.6984375 0.30625 0.0671875 0.03333333333333333
1 0.4 0.2989583333333333 0.075 0.04375
1 0.4140625 0.4375 0.0640625 0.05
1 0.58984375 0.440625 0.05 0.04583333333333333
1 0.64140625 0.43333333333333335 0.05625 0.04791666666666667
1 0.49453125 0.6375 0.05 0.0375
0 0.521875 0.17291666666666666 0.10625 0.09583333333333334
0 0.51953125 0.3 0.10625 0.09166666666666666
2 0.2890625 0.23333333333333334 0.103125 0.10833333333333334
5 0.7984375 0.33645833333333336 0.05 0.075
5 0.27890625 0.3333333333333333 0.0546875 0.08125
3 0.22265625 0.3729166666666667 0.04375 0.022916666666666665
3 0.33046875 0.3729166666666667 0.0453125 0.025
3 0.75390625 0.37395833333333334 0.0453125 0.020833333333333332
3 0.83359375 0.371875 0.0390625 0.020833333333333332
4 0.61796875 0.38645833333333335 0.071875 0.06875
4 0.434375 0.384375 0.0546875 0.07291666666666667