1 0.584375 0.034375 0.0890625 0.06666666666666667
1 0.80859375 0.24895833333333334 0.08125 0.041666666666666664
1 0.81796875 0.31875 0.078125 0.035416666666666666
1 0.50546875 0.30416666666666664 0.0859375 0.03958333333333333
1 0.68828125 0.4625 0.0546875 0.04791666666666667
1 0.75625 0.459375 0.0609375 0.05416666666666667
1 0.51484375 0.45729166666666665 0.0734375 0.058333333333333334
1 0.58984375 0.6833333333333333 0.0578125 0.05
0 0.5921875 0.16875 0.1171875 0.1
0 0.59921875 0.309375 0.115625 0.1
2 0.32421875 0.221875 0.1375 0.12083333333333333
5 0.37421875 0.334375 0.0609375 0.08958333333333333
5 0.91640625 0.353125 0.0546875 0.07083333333333333
4 0.51484375 0.39791666666666664 0.065625 0.07291666666666667
4 0.7109375 0.4041666666666667 0.0796875 0.07708333333333334
3 0.3171875 0.38333333333333336 0.0390625 0.025
3 0.43828125 0.38645833333333335 0.0359375 0.022916666666666665
3 0.88125 0.39375 0.0359375 0.022916666666666665
3 0.9578125 0.39479166666666665 0.0390625 0.022916666666666665