1 0.72109375 0.13958333333333334 0.0921875 0.09583333333333334
1 0.86796875 0.39479166666666665 0.084375 0.05625
1 0.84921875 0.45416666666666666 0.0703125 0.04791666666666667
1 0.56640625 0.32916666666666666 0.075 0.05416666666666667
1 0.54375 0.46770833333333334 0.071875 0.07083333333333333
1 0.70078125 0.5395833333333333 0.0578125 0.06041666666666667
1 0.759375 0.55625 0.0640625 0.06666666666666667
1 0.5578125 0.6916666666666667 0.0515625 0.05
5 0.93828125 0.5229166666666667 0.059375 0.08125
5 0.446875 0.31354166666666666 0.0625 0.09166666666666666
2 0.4484375 0.215625 0.11875 0.125
3 0.38984375 0.3333333333333333 0.0453125 0.03333333333333333
3 0.4875 0.375 0.0484375 0.035416666666666666
3 0.890625 0.54375 0.053125 0.0375
3 0.965625 0.5739583333333333 0.0609375 0.03958333333333333
0 0.6625 0.375 0.115625 0.11458333333333333
0 0.68984375 0.25416666666666665 0.121875 0.12083333333333333
4 0.56015625 0.4197916666666667 0.078125 0.08958333333333333
4 0.74296875 0.496875 0.0828125 0.0875