1 0.51640625 0.03125 0.0953125 0.0625
1 0.7671875 0.175 0.0859375 0.058333333333333334
1 0.7859375 0.24166666666666667 0.08125 0.052083333333333336
1 0.47734375 0.30625 0.0890625 0.058333333333333334
1 0.67890625 0.415625 0.059375 0.058333333333333334
1 0.7453125 0.39479166666666665 0.065625 0.06458333333333334
1 0.50859375 0.45416666666666666 0.0796875 0.07291666666666667
1 0.6140625 0.6572916666666667 0.0625 0.06041666666666667
0 0.54296875 0.15104166666666666 0.128125 0.12291666666666666
0 0.5703125 0.2875 0.125 0.12291666666666666
2 0.2875 0.271875 0.1484375 0.14583333333333334
5 0.35234375 0.3697916666666667 0.0703125 0.1
5 0.8875 0.25 0.0609375 0.08125
4 0.5 0.396875 0.0734375 0.08541666666666667
4 0.69296875 0.35208333333333336 0.0859375 0.09166666666666666
3 0.30390625 0.4322916666666667 0.040625 0.03333333333333333
3 0.42265625 0.4041666666666667 0.0375 0.029166666666666667
3 0.859375 0.2989583333333333 0.0375 0.03125
3 0.934375 0.28020833333333334 0.040625 0.03125