0 0.41171875 0.12083333333333333 0.1328125 0.125
0 0.425 0.26666666666666666 0.128125 0.12083333333333333
4 0.54765625 0.34375 0.08125 0.0875
4 0.33671875 0.3770833333333333 0.0734375 0.09166666666666666
2 0.16171875 0.228125 0.13125 0.14375
5 0.1421875 0.3458333333333333 0.0703125 0.10416666666666667
3 0.08203125 0.40520833333333334 0.0515625 0.035416666666666666
3 0.20859375 0.38229166666666664 0.059375 0.041666666666666664
3 0.69140625 0.30520833333333336 0.0546875 0.03333333333333333
3 0.7796875 0.2864583333333333 0.05 0.03333333333333333
5 0.73671875 0.25416666666666665 0.059375 0.0875
1 0.6203125 0.16145833333333334 0.0890625 0.05
1 0.27890625 0.2875 0.090625 0.06041666666666667
1 0.62109375 0.23958333333333334 0.0765625 0.04791666666666667
1 0.3265625 0.43854166666666666 0.1015625 0.07708333333333334
1 0.5234375 0.4083333333333333 0.065625 0.06041666666666667
1 0.57421875 0.3958333333333333 0.065625 0.0625
1 0.440625 0.6416666666666667 0.0640625 0.05416666666666667