1 0.56484375 0.075 0.08671875 0.06875
1 0.76015625 0.28229166666666666 0.0859375 0.026041666666666668
1 0.7546875 0.3541666666666667 0.07890625 0.027083333333333334
1 0.440625 0.328125 0.09140625 0.035416666666666666
1 0.44453125 0.478125 0.07421875 0.057291666666666664
1 0.6234375 0.48854166666666665 0.04375 0.04583333333333333
1 0.684375 0.4875 0.05078125 0.04895833333333333
1 0.5171875 0.6989583333333333 0.0640625 0.0375
0 0.56015625 0.20625 0.11171875 0.08854166666666667
0 0.55078125 0.3385416666666667 0.115625 0.090625
3 0.2515625 0.39791666666666664 0.0484375 0.025
3 0.36953125 0.40520833333333334 0.0578125 0.022916666666666665
3 0.81328125 0.428125 0.04765625 0.027083333333333334
3 0.89453125 0.43020833333333336 0.04375 0.025
5 0.31328125 0.35520833333333335 0.0578125 0.08854166666666667
5 0.85546875 0.38958333333333334 0.059375 0.07604166666666666
4 0.47578125 0.4114583333333333 0.04140625 0.06145833333333333
2 0.3015625 0.24791666666666667 0.11796875 0.10208333333333333
4 0.6578125 0.42604166666666665 0.07578125 0.08229166666666667