1 0.4953125 0.06145833333333333 0.0890625 0.071875
1 0.70703125 0.27395833333333336 0.071875 0.036458333333333336
1 0.7109375 0.34479166666666666 0.06875 0.029166666666666667
1 0.39140625 0.32708333333333334 0.08125 0.03854166666666667
1 0.41171875 0.48125 0.08125 0.059375
1 0.59921875 0.4822916666666667 0.05625 0.04895833333333333
1 0.65546875 0.4791666666666667 0.053125 0.052083333333333336
1 0.50234375 0.7 0.05390625 0.04479166666666667
0 0.50234375 0.19583333333333333 0.11171875 0.09375
0 0.50703125 0.3333333333333333 0.11484375 0.090625
4 0.41484375 0.42083333333333334 0.0671875 0.071875
4 0.61796875 0.42604166666666665 0.07109375 0.07395833333333333
5 0.81171875 0.375 0.0515625 0.06979166666666667
5 0.2578125 0.359375 0.059375 0.08645833333333333
2 0.23359375 0.24895833333333334 0.11875 0.11145833333333334
3 0.196875 0.4083333333333333 0.03671875 0.026041666666666668
3 0.321875 0.4083333333333333 0.0359375 0.028125
3 0.77578125 0.41458333333333336 0.03671875 0.017708333333333333
3 0.85234375 0.41458333333333336 0.0390625 0.020833333333333332