1 0.45546875 0.09479166666666666 0.08125 0.06770833333333333
1 0.325 0.34791666666666665 0.078125 0.0375
1 0.64375 0.2989583333333333 0.0703125 0.034375
1 0.6453125 0.365625 0.06953125 0.03125
1 0.5375 0.5010416666666667 0.05 0.04479166666666667
1 0.5890625 0.4979166666666667 0.0546875 0.04791666666666667
1 0.34140625 0.49166666666666664 0.071875 0.051041666666666666
1 0.43203125 0.7145833333333333 0.05546875 0.041666666666666664
0 0.453125 0.22083333333333333 0.11015625 0.08958333333333333
0 0.45390625 0.35104166666666664 0.1125 0.0875
2 0.203125 0.26875 0.109375 0.10625
5 0.1890625 0.375 0.05703125 0.08333333333333333
5 0.7484375 0.4010416666666667 0.04765625 0.06979166666666667
3 0.1265625 0.41770833333333335 0.053125 0.023958333333333335
3 0.24765625 0.421875 0.053125 0.020833333333333332
3 0.70625 0.43854166666666666 0.046875 0.015625
3 0.78828125 0.440625 0.04453125 0.017708333333333333
4 0.56015625 0.446875 0.0734375 0.071875
4 0.365625 0.4375 0.053125 0.07395833333333333