1 0.490625 0.03229166666666667 0.1 0.06458333333333334
1 0.396875 0.30625 0.0984375 0.04791666666666667
1 0.70390625 0.2125 0.0859375 0.04375
1 0.709375 0.28229166666666666 0.090625 0.04791666666666667
1 0.41640625 0.4583333333333333 0.0921875 0.07291666666666667
1 0.58984375 0.440625 0.05 0.058333333333333334
1 0.65703125 0.42604166666666665 0.065625 0.0625
1 0.50625 0.6625 0.065625 0.052083333333333336
0 0.49765625 0.15729166666666666 0.125 0.1125
0 0.50234375 0.29791666666666666 0.1265625 0.1125
3 0.209375 0.41041666666666665 0.059375 0.0375
3 0.33203125 0.396875 0.0515625 0.03333333333333333
3 0.771875 0.3489583333333333 0.0515625 0.027083333333333334
3 0.84453125 0.3385416666666667 0.05 0.03125
4 0.43671875 0.38958333333333334 0.040625 0.075
4 0.6203125 0.3614583333333333 0.0921875 0.09583333333333334
5 0.26796875 0.35208333333333336 0.078125 0.10208333333333333
5 0.80859375 0.3020833333333333 0.0625 0.07916666666666666
2 0.22265625 0.24270833333333333 0.1265625 0.13333333333333333