0 0.58515625 0.30833333333333335 0.1359375 0.13333333333333333
0 0.6046875 0.16770833333333332 0.1390625 0.1375
1 0.6984375 0.496875 0.0703125 0.07083333333333333
1 0.63203125 0.4822916666666667 0.0625 0.06666666666666667
1 0.459375 0.4197916666666667 0.1015625 0.09375
1 0.4765625 0.2635416666666667 0.0953125 0.06666666666666667
1 0.4984375 0.6572916666666667 0.0625 0.06041666666666667
1 0.78671875 0.38333333333333336 0.084375 0.058333333333333334
1 0.79375 0.30833333333333335 0.0859375 0.052083333333333336
2 0.33671875 0.13229166666666667 0.1359375 0.14583333333333334
1 0.6296875 0.05 0.1 0.07291666666666667
5 0.34296875 0.253125 0.08125 0.1125
5 0.88046875 0.44375 0.059375 0.08333333333333333
3 0.28046875 0.28229166666666666 0.071875 0.052083333333333336
3 0.39140625 0.32083333333333336 0.0609375 0.04375
3 0.828125 0.475 0.05625 0.03958333333333333
3 0.9078125 0.49895833333333334 0.05 0.035416666666666666
4 0.671875 0.42916666666666664 0.09375 0.10833333333333334
4 0.496875 0.365625 0.0609375 0.08541666666666667