1 0.534375 0.04791666666666667 0.07890625 0.07083333333333333
1 0.39453125 0.290625 0.07109375 0.030208333333333334
1 0.69765625 0.2520833333333333 0.065625 0.027083333333333334
1 0.69140625 0.3177083333333333 0.06328125 0.027083333333333334
1 0.40390625 0.4270833333333333 0.06015625 0.04895833333333333
1 0.58125 0.44375 0.04296875 0.041666666666666664
1 0.6296875 0.44166666666666665 0.053125 0.04479166666666667
1 0.47578125 0.6322916666666667 0.04765625 0.034375
3 0.2140625 0.35 0.04296875 0.019791666666666666
3 0.3203125 0.35833333333333334 0.04140625 0.01875
3 0.7453125 0.3875 0.03203125 0.017708333333333333
3 0.821875 0.3927083333333333 0.0296875 0.015625
2 0.28984375 0.2125 0.09921875 0.10104166666666667
5 0.271875 0.3145833333333333 0.046875 0.07708333333333334
5 0.7890625 0.353125 0.04296875 0.06666666666666667
4 0.4265625 0.37916666666666665 0.05 0.071875
4 0.6109375 0.39166666666666666 0.06875 0.065625
0 0.52421875 0.171875 0.103125 0.08645833333333333
0 0.51484375 0.2989583333333333 0.10078125 0.08229166666666667