0 0.521875 0.15729166666666666 0.11015625 0.09791666666666667
0 0.52421875 0.29583333333333334 0.11171875 0.09583333333333334
2 0.24453125 0.209375 0.11953125 0.11458333333333333
5 0.29921875 0.3125 0.059375 0.08541666666666667
5 0.82734375 0.340625 0.05 0.06666666666666667
4 0.4625 0.35625 0.02421875 0.019791666666666666
4 0.6359375 0.390625 0.07421875 0.071875
1 0.51484375 0.03229166666666667 0.084375 0.06458333333333334
1 0.73046875 0.23645833333333333 0.0734375 0.023958333333333335
1 0.73359375 0.3072916666666667 0.071875 0.029166666666666667
1 0.428125 0.2833333333333333 0.08359375 0.03333333333333333
1 0.609375 0.45 0.04921875 0.046875
1 0.67421875 0.44375 0.0546875 0.04895833333333333
1 0.43984375 0.44166666666666665 0.078125 0.057291666666666664
1 0.5140625 0.66875 0.0546875 0.042708333333333334
3 0.23828125 0.35833333333333334 0.04140625 0.030208333333333334
3 0.79296875 0.3802083333333333 0.040625 0.019791666666666666
3 0.86328125 0.38125 0.0390625 0.019791666666666666
3 0.3625 0.36354166666666665 0.03671875 0.026041666666666668