1 0.4609375 0.059375 0.0984375 0.08333333333333333
1 0.64609375 0.26979166666666665 0.0828125 0.027083333333333334
1 0.64609375 0.33958333333333335 0.084375 0.03125
1 0.31640625 0.3145833333333333 0.0953125 0.0375
1 0.34140625 0.4739583333333333 0.0796875 0.058333333333333334
1 0.525 0.478125 0.046875 0.052083333333333336
1 0.58984375 0.475 0.059375 0.05
1 0.43046875 0.6916666666666667 0.0671875 0.041666666666666664
0 0.4546875 0.19166666666666668 0.1171875 0.1
0 0.453125 0.3260416666666667 0.1234375 0.09583333333333334
5 0.1796875 0.34791666666666665 0.0640625 0.08958333333333333
5 0.74921875 0.375 0.053125 0.07708333333333334
3 0.11328125 0.39479166666666665 0.0546875 0.035416666666666666
3 0.23828125 0.39895833333333336 0.04375 0.029166666666666667
3 0.70546875 0.4125 0.0453125 0.029166666666666667
3 0.78984375 0.41770833333333335 0.04375 0.03125
4 0.36484375 0.4083333333333333 0.0765625 0.07291666666666667
4 0.56640625 0.4166666666666667 0.0890625 0.07291666666666667
2 0.19375 0.23645833333333333 0.121875 0.09791666666666667