1 0.4578125 0.09166666666666666 0.08515625 0.071875
1 0.64765625 0.29791666666666666 0.07578125 0.03125
1 0.64765625 0.36770833333333336 0.06953125 0.028125
1 0.328125 0.3458333333333333 0.08125 0.0375
1 0.3453125 0.49270833333333336 0.07421875 0.051041666666666666
1 0.54375 0.5010416666666667 0.0546875 0.04479166666666667
1 0.5921875 0.49583333333333335 0.05703125 0.04583333333333333
1 0.43671875 0.715625 0.0546875 0.04583333333333333
2 0.2 0.26666666666666666 0.10625 0.10729166666666666
0 0.4546875 0.21875 0.1109375 0.09166666666666666
0 0.4546875 0.35208333333333336 0.11328125 0.08958333333333333
5 0.19140625 0.375 0.05859375 0.08645833333333333
5 0.75078125 0.4 0.05 0.071875
3 0.12578125 0.4166666666666667 0.04375 0.023958333333333335
3 0.24921875 0.4197916666666667 0.03984375 0.026041666666666668
3 0.7078125 0.4375 0.034375 0.01875
3 0.78828125 0.4395833333333333 0.0375 0.019791666666666666
4 0.3671875 0.4375 0.0546875 0.078125
4 0.56328125 0.44479166666666664 0.071875 0.06979166666666667