0 0.5328125 0.10833333333333334 0.128125 0.12708333333333333
0 0.503125 0.25 0.13125 0.12708333333333333
1 0.715625 0.24895833333333334 0.0875 0.04791666666666667
1 0.6953125 0.31979166666666664 0.078125 0.04791666666666667
5 0.21953125 0.18229166666666666 0.0671875 0.1
5 0.7953125 0.3885416666666667 0.0625 0.08958333333333333
2 0.265625 0.08333333333333333 0.13125 0.14791666666666667
3 0.146875 0.209375 0.0609375 0.0375
3 0.26875 0.25 0.0515625 0.0375
3 0.7390625 0.41458333333333336 0.0484375 0.03333333333333333
3 0.8203125 0.4395833333333333 0.046875 0.035416666666666666
4 0.5921875 0.37916666666666665 0.0875 0.09166666666666666
4 0.3859375 0.30833333333333335 0.08125 0.1
1 0.365625 0.196875 0.084375 0.058333333333333334
1 0.36640625 0.3625 0.0984375 0.0875
1 0.55546875 0.42916666666666664 0.0609375 0.058333333333333334
1 0.60859375 0.4395833333333333 0.065625 0.06666666666666667
1 0.409375 0.6052083333333333 0.059375 0.05416666666666667