0 0.52109375 0.121875 0.1203125 0.10208333333333333
0 0.51484375 0.2677083333333333 0.1203125 0.1
2 0.25703125 0.17916666666666667 0.1140625 0.12083333333333333
5 0.2484375 0.28854166666666664 0.0609375 0.08958333333333333
5 0.83046875 0.31666666666666665 0.05 0.08125
1 0.72578125 0.203125 0.090625 0.03333333333333333
1 0.71953125 0.2791666666666667 0.0703125 0.029166666666666667
1 0.38359375 0.253125 0.0828125 0.035416666666666666
1 0.4 0.41354166666666664 0.0703125 0.058333333333333334
1 0.59609375 0.42604166666666665 0.05 0.05
1 0.65 0.42291666666666666 0.0578125 0.052083333333333336
1 0.4796875 0.6385416666666667 0.059375 0.04583333333333333
4 0.4234375 0.35625 0.0578125 0.07916666666666666
4 0.62421875 0.3645833333333333 0.075 0.07291666666666667
3 0.1828125 0.32916666666666666 0.040625 0.027083333333333334
3 0.3078125 0.334375 0.0390625 0.027083333333333334
3 0.7796875 0.35520833333333335 0.040625 0.025
3 0.86640625 0.359375 0.0421875 0.022916666666666665
1 0.5296875 0.008333333333333333 0.075 0.016666666666666666