1 0.54296875 0.06979166666666667 0.0859375 0.075
1 0.4296875 0.33125 0.0890625 0.0375
1 0.7515625 0.25833333333333336 0.0859375 0.035416666666666666
1 0.74609375 0.3333333333333333 0.08125 0.03958333333333333
1 0.45390625 0.4864583333333333 0.0640625 0.06041666666666667
1 0.621875 0.478125 0.05 0.052083333333333336
1 0.6875 0.46875 0.05625 0.052083333333333336
1 0.5265625 0.696875 0.0546875 0.03958333333333333
0 0.5453125 0.196875 0.1078125 0.1
0 0.54296875 0.33541666666666664 0.1125 0.09166666666666666
3 0.24609375 0.421875 0.0515625 0.03333333333333333
3 0.36484375 0.41770833333333335 0.0421875 0.027083333333333334
3 0.8125 0.40208333333333335 0.0640625 0.029166666666666667
3 0.88984375 0.3958333333333333 0.05 0.027083333333333334
5 0.30546875 0.371875 0.0625 0.0875
5 0.85078125 0.353125 0.05625 0.06875
4 0.46953125 0.42083333333333334 0.04375 0.06875
4 0.65390625 0.41354166666666664 0.0890625 0.08333333333333333
2 0.29296875 0.26458333333333334 0.125 0.13125