1 0.51015625 0.6802083333333333 0.05625 0.04791666666666667
1 0.45390625 0.453125 0.0734375 0.0625
1 0.62421875 0.4822916666666667 0.0515625 0.05
1 0.684375 0.4864583333333333 0.05 0.052083333333333336
1 0.4578125 0.30104166666666665 0.0921875 0.04375
1 0.76640625 0.2947916666666667 0.0796875 0.03125
1 0.759375 0.3645833333333333 0.075 0.0375
1 0.584375 0.0625 0.0921875 0.07916666666666666
0 0.57421875 0.190625 0.1140625 0.10833333333333334
0 0.56484375 0.325 0.1125 0.1
3 0.25859375 0.346875 0.04375 0.03333333333333333
3 0.3765625 0.36666666666666664 0.0359375 0.03125
3 0.81875 0.44375 0.04375 0.029166666666666667
3 0.8953125 0.45729166666666665 0.040625 0.027083333333333334
4 0.4828125 0.39166666666666666 0.0453125 0.06875
4 0.66171875 0.4197916666666667 0.084375 0.08333333333333333
2 0.30625 0.19895833333333332 0.115625 0.11458333333333333
5 0.32109375 0.309375 0.0734375 0.09583333333333334
5 0.8578125 0.41041666666666665 0.0578125 0.08125