1 0.5234375 0.171875 0.075 0.06041666666666667
1 0.68125 0.35625 0.0640625 0.025
1 0.678125 0.41770833333333335 0.06484375 0.025
1 0.38828125 0.39375 0.0703125 0.03125
1 0.39296875 0.521875 0.0625 0.046875
1 0.57109375 0.5364583333333334 0.0484375 0.040625
1 0.6203125 0.5354166666666667 0.04921875 0.04375
1 0.4625 0.7354166666666667 0.05234375 0.0375
0 0.5140625 0.28229166666666666 0.09921875 0.078125
0 0.5046875 0.39791666666666664 0.10078125 0.07708333333333334
4 0.41640625 0.471875 0.06015625 0.065625
4 0.6 0.4864583333333333 0.0671875 0.0625
5 0.77734375 0.45208333333333334 0.0484375 0.06666666666666667
5 0.26875 0.415625 0.04609375 0.07291666666666667
2 0.290625 0.3177083333333333 0.09453125 0.090625
3 0.21171875 0.45 0.0515625 0.01875
3 0.31328125 0.45729166666666665 0.04765625 0.01875
3 0.7359375 0.48541666666666666 0.05234375 0.016666666666666666
3 0.8125 0.4895833333333333 0.040625 0.022916666666666665