1 0.46875 0.06666666666666667 0.09140625 0.07083333333333333
1 0.34765625 0.3229166666666667 0.10234375 0.028125
1 0.66953125 0.275 0.07734375 0.028125
1 0.671875 0.3416666666666667 0.07734375 0.027083333333333334
1 0.378125 0.47604166666666664 0.071875 0.059375
1 0.56015625 0.48020833333333335 0.05078125 0.05
1 0.61640625 0.4739583333333333 0.0515625 0.05416666666666667
1 0.4703125 0.6927083333333334 0.0671875 0.040625
0 0.46953125 0.19895833333333332 0.11875 0.09583333333333334
0 0.4765625 0.33125 0.115625 0.09375
3 0.15859375 0.403125 0.05546875 0.028125
3 0.2828125 0.40625 0.0515625 0.027083333333333334
3 0.7359375 0.41354166666666664 0.0484375 0.025
3 0.81640625 0.41354166666666664 0.04921875 0.026041666666666668
5 0.21640625 0.35625 0.06328125 0.084375
5 0.77421875 0.371875 0.05546875 0.07395833333333333
4 0.39296875 0.41458333333333336 0.0515625 0.07083333333333333
4 0.5859375 0.41458333333333336 0.075 0.071875
2 0.21484375 0.23854166666666668 0.1203125 0.1