1 0.57734375 0.10104166666666667 0.0796875 0.06875
1 0.7875 0.2916666666666667 0.06875 0.03333333333333333
1 0.79296875 0.3541666666666667 0.06875 0.035416666666666666
1 0.50625 0.3416666666666667 0.075 0.0375
1 0.52265625 0.4791666666666667 0.065625 0.05416666666666667
1 0.68359375 0.484375 0.0484375 0.04791666666666667
1 0.74375 0.48020833333333335 0.0546875 0.05
1 0.60390625 0.690625 0.0515625 0.03958333333333333
4 0.70390625 0.43125 0.0703125 0.07291666666666667
4 0.51953125 0.4270833333333333 0.065625 0.06875
5 0.390625 0.371875 0.0546875 0.08333333333333333
5 0.890625 0.384375 0.0484375 0.07083333333333333
3 0.34375 0.4114583333333333 0.04375 0.020833333333333332
3 0.85546875 0.42083333333333334 0.040625 0.01875
3 0.93359375 0.42083333333333334 0.04375 0.016666666666666666
2 0.34765625 0.26875 0.1109375 0.1
0 0.58515625 0.221875 0.1046875 0.08958333333333333
0 0.59765625 0.34479166666666666 0.103125 0.0875
3 0.45078125 0.41458333333333336 0.04375 0.022916666666666665