1 0.4890625 0.03229166666666667 0.1 0.06458333333333334
1 0.39375 0.296875 0.0921875 0.03229166666666667
1 0.703125 0.24375 0.084375 0.029166666666666667
1 0.70625 0.315625 0.08984375 0.029166666666666667
1 0.41640625 0.4510416666666667 0.0734375 0.05520833333333333
1 0.5828125 0.45208333333333334 0.0484375 0.04895833333333333
1 0.64375 0.4479166666666667 0.05390625 0.05
1 0.496875 0.6635416666666667 0.0609375 0.040625
0 0.49609375 0.16354166666666667 0.1171875 0.103125
0 0.5015625 0.30520833333333336 0.1171875 0.090625
5 0.26171875 0.32708333333333334 0.06484375 0.08541666666666667
5 0.80078125 0.34479166666666666 0.05 0.07083333333333333
3 0.20390625 0.378125 0.05 0.026041666666666668
3 0.32890625 0.378125 0.05625 0.028125
3 0.76328125 0.3854166666666667 0.040625 0.026041666666666668
3 0.83984375 0.3854166666666667 0.0484375 0.025
4 0.43359375 0.3854166666666667 0.0421875 0.06770833333333333
4 0.6109375 0.38645833333333335 0.07890625 0.07708333333333334
2 0.22421875 0.209375 0.1265625 0.10729166666666666