1 0.51328125 0.041666666666666664 0.08828125 0.07083333333333333
1 0.73984375 0.253125 0.08359375 0.035416666666666666
1 0.7421875 0.32395833333333335 0.07421875 0.035416666666666666
1 0.62578125 0.46875 0.05234375 0.046875
1 0.69140625 0.46145833333333336 0.06015625 0.04895833333333333
1 0.44765625 0.46875 0.071875 0.05520833333333333
1 0.53671875 0.6854166666666667 0.06015625 0.04479166666666667
0 0.525 0.17708333333333334 0.1140625 0.09270833333333334
0 0.5328125 0.31875 0.11953125 0.09583333333333334
2 0.25703125 0.23854166666666668 0.12109375 0.1125
5 0.29453125 0.35104166666666664 0.06015625 0.08541666666666667
5 0.846875 0.35208333333333336 0.053125 0.071875
4 0.44609375 0.409375 0.0671875 0.07708333333333334
4 0.64765625 0.409375 0.0734375 0.07395833333333333
3 0.2390625 0.4010416666666667 0.0375 0.027083333333333334
3 0.359375 0.39895833333333336 0.03203125 0.021875
3 0.81171875 0.39375 0.03671875 0.020833333333333332
3 0.88984375 0.39375 0.03984375 0.020833333333333332