1 0.4546875 0.04375 0.09375 0.0875
1 0.69609375 0.20104166666666667 0.0984375 0.04583333333333333
1 0.70234375 0.2677083333333333 0.0875 0.04791666666666667
1 0.44140625 0.46458333333333335 0.096875 0.07916666666666666
1 0.58984375 0.434375 0.0484375 0.06041666666666667
1 0.659375 0.4114583333333333 0.0546875 0.06041666666666667
1 0.53046875 0.6604166666666667 0.0703125 0.058333333333333334
1 0.4140625 0.31666666666666665 0.1015625 0.05625
0 0.478125 0.171875 0.1328125 0.12083333333333333
0 0.5 0.3020833333333333 0.128125 0.11458333333333333
3 0.24140625 0.43645833333333334 0.0484375 0.0375
3 0.3578125 0.4125 0.04375 0.035416666666666666
3 0.76875 0.325 0.0515625 0.03333333333333333
3 0.8375 0.30833333333333335 0.04375 0.03125
5 0.28984375 0.378125 0.075 0.10416666666666667
5 0.7984375 0.278125 0.0625 0.08541666666666667
4 0.42734375 0.38229166666666664 0.08125 0.04583333333333333
4 0.61796875 0.3572916666666667 0.084375 0.0875
2 0.2203125 0.27395833333333336 0.1515625 0.15208333333333332