1 0.490625 0.03854166666666667 0.096875 0.07708333333333334
1 0.3796875 0.3 0.096875 0.04583333333333333
1 0.6984375 0.215625 0.09375 0.03958333333333333
1 0.7 0.28854166666666664 0.0875 0.04375
1 0.41015625 0.4479166666666667 0.075 0.06458333333333334
1 0.5875 0.440625 0.05625 0.05625
1 0.6484375 0.4270833333333333 0.0609375 0.06041666666666667
1 0.50234375 0.6583333333333333 0.065625 0.04375
0 0.49765625 0.16666666666666666 0.1203125 0.10833333333333334
0 0.503125 0.30104166666666665 0.1234375 0.10416666666666667
3 0.2015625 0.39479166666666665 0.053125 0.03333333333333333
3 0.31640625 0.3854166666666667 0.0453125 0.03125
3 0.7640625 0.35625 0.05 0.029166666666666667
3 0.8453125 0.34791666666666665 0.0484375 0.03333333333333333
5 0.25625 0.34791666666666665 0.0671875 0.10208333333333333
5 0.8046875 0.3125 0.0625 0.08541666666666667
4 0.42890625 0.384375 0.0515625 0.07291666666666667
4 0.61484375 0.37604166666666666 0.08125 0.09375
2 0.2453125 0.24375 0.121875 0.12291666666666666