0 0.5140625 0.14270833333333333 0.1234375 0.11875
0 0.5234375 0.2833333333333333 0.128125 0.11666666666666667
1 0.4125 0.29270833333333335 0.084375 0.052083333333333336
1 0.50546875 0.026041666666666668 0.0953125 0.052083333333333336
1 0.72734375 0.184375 0.0765625 0.04583333333333333
1 0.73046875 0.25729166666666664 0.0734375 0.041666666666666664
1 0.67578125 0.40729166666666666 0.05625 0.058333333333333334
1 0.61640625 0.42291666666666666 0.0546875 0.06041666666666667
1 0.43359375 0.44583333333333336 0.078125 0.06875
1 0.52734375 0.6541666666666667 0.053125 0.05
5 0.28515625 0.34791666666666665 0.065625 0.1
5 0.83828125 0.275 0.0578125 0.0875
3 0.2265625 0.40208333333333335 0.0484375 0.035416666666666666
4 0.45390625 0.38333333333333336 0.0484375 0.08125
4 0.64140625 0.3572916666666667 0.0828125 0.08333333333333333
3 0.79765625 0.31979166666666664 0.040625 0.027083333333333334
3 0.87890625 0.3072916666666667 0.0375 0.029166666666666667
2 0.25546875 0.24583333333333332 0.134375 0.14375
3 0.3453125 0.38645833333333335 0.0421875 0.03333333333333333