1 0.48046875 0.0375 0.1078125 0.075
1 0.42578125 0.30520833333333336 0.0921875 0.04791666666666667
1 0.70546875 0.19479166666666667 0.0796875 0.04375
1 0.7203125 0.265625 0.0765625 0.041666666666666664
1 0.609375 0.42604166666666665 0.053125 0.05416666666666667
1 0.675 0.4041666666666667 0.059375 0.0625
1 0.45234375 0.4552083333333333 0.075 0.07083333333333333
1 0.53984375 0.6520833333333333 0.059375 0.04791666666666667
0 0.496875 0.16041666666666668 0.125 0.12291666666666666
0 0.515625 0.29583333333333334 0.1234375 0.11875
3 0.24921875 0.4197916666666667 0.053125 0.03958333333333333
3 0.36640625 0.3958333333333333 0.0484375 0.03958333333333333
3 0.78515625 0.32708333333333334 0.053125 0.03958333333333333
3 0.8515625 0.309375 0.0453125 0.03958333333333333
5 0.30078125 0.36354166666666665 0.071875 0.10416666666666667
5 0.8171875 0.27708333333333335 0.06875 0.08541666666666667
4 0.4640625 0.38645833333333335 0.0359375 0.075
4 0.63203125 0.35625 0.0859375 0.10208333333333333
2 0.23125 0.25833333333333336 0.1328125 0.1375