0 0.46953125 0.10520833333333333 0.1234375 0.1
0 0.46171875 0.25416666666666665 0.121875 0.09895833333333333
1 0.66796875 0.19583333333333333 0.0859375 0.030208333333333334
1 0.659375 0.271875 0.07109375 0.030208333333333334
1 0.31328125 0.23645833333333333 0.0859375 0.041666666666666664
1 0.34140625 0.40208333333333335 0.08984375 0.0625
1 0.54140625 0.4166666666666667 0.05859375 0.04895833333333333
1 0.58984375 0.41354166666666664 0.06015625 0.052083333333333336
5 0.42421875 0.6260416666666667 0.05703125 0.040625
5 0.1703125 0.2635416666666667 0.059375 0.09375
5 0.76796875 0.315625 0.053125 0.08020833333333334
2 0.203125 0.15208333333333332 0.1125 0.121875
3 0.1046875 0.30520833333333336 0.05703125 0.023958333333333335
3 0.2328125 0.31666666666666665 0.0578125 0.028125
3 0.721875 0.35520833333333335 0.04375 0.019791666666666666
3 0.80546875 0.35833333333333334 0.04453125 0.021875
4 0.3578125 0.33958333333333335 0.065625 0.08125
4 0.57109375 0.3572916666666667 0.07421875 0.07395833333333333