1 0.5890625 0.06979166666666667 0.0859375 0.07708333333333334
1 0.43359375 0.2875 0.071875 0.0375
1 0.72578125 0.35625 0.065625 0.03333333333333333
1 0.7375 0.29270833333333335 0.0640625 0.03125
1 0.603125 0.465625 0.046875 0.04583333333333333
1 0.43125 0.4239583333333333 0.065625 0.05416666666666667
1 0.48046875 0.6364583333333333 0.0515625 0.041666666666666664
1 0.6546875 0.471875 0.053125 0.05
4 0.63671875 0.41875 0.0734375 0.075
4 0.45703125 0.3770833333333333 0.0515625 0.07708333333333334
0 0.5703125 0.190625 0.1078125 0.1
0 0.5515625 0.3145833333333333 0.1109375 0.09791666666666667
5 0.3125 0.29375 0.0546875 0.08125
5 0.82109375 0.40625 0.053125 0.075
2 0.334375 0.196875 0.1078125 0.1125
3 0.2515625 0.321875 0.04375 0.025
3 0.35625 0.34375 0.04375 0.027083333333333334
3 0.77265625 0.434375 0.040625 0.022916666666666665
3 0.84921875 0.44895833333333335 0.0390625 0.022916666666666665