1 0.57890625 0.06875 0.0921875 0.09583333333333334
1 0.42421875 0.28854166666666664 0.078125 0.05
1 0.740625 0.32708333333333334 0.08125 0.04375
1 0.73046875 0.39375 0.078125 0.04791666666666667
1 0.59375 0.4947916666666667 0.046875 0.05625
1 0.65625 0.5083333333333333 0.0578125 0.05625
1 0.43125 0.44479166666666664 0.0625 0.06875
1 0.46796875 0.6802083333333333 0.059375 0.05416666666666667
0 0.55625 0.19583333333333333 0.1203125 0.11875
0 0.540625 0.328125 0.1265625 0.12291666666666666
3 0.2296875 0.31354166666666666 0.05625 0.041666666666666664
3 0.34296875 0.346875 0.05 0.0375
3 0.78046875 0.48125 0.0484375 0.03958333333333333
3 0.859375 0.50625 0.053125 0.0375
5 0.29140625 0.28125 0.0734375 0.09583333333333334
5 0.83125 0.453125 0.0703125 0.08333333333333333
2 0.296875 0.17395833333333333 0.128125 0.1375
4 0.45390625 0.3854166666666667 0.0546875 0.075
4 0.63828125 0.44583333333333336 0.0921875 0.09166666666666666