1 0.65625 0.057291666666666664 0.08359375 0.07083333333333333
1 0.82109375 0.2708333333333333 0.078125 0.03333333333333333
1 0.80703125 0.3333333333333333 0.0703125 0.027083333333333334
1 0.509375 0.296875 0.07109375 0.028125
1 0.67109375 0.459375 0.04921875 0.042708333333333334
1 0.728125 0.459375 0.0546875 0.046875
1 0.50078125 0.4375 0.06328125 0.04895833333333333
1 0.54609375 0.6489583333333333 0.05 0.0375
0 0.63671875 0.184375 0.10546875 0.09166666666666666
0 0.61484375 0.31145833333333334 0.11484375 0.08645833333333333
4 0.7109375 0.40729166666666666 0.07109375 0.06875
4 0.5265625 0.38645833333333335 0.04921875 0.06979166666666667
5 0.3875 0.31875 0.05 0.078125
5 0.909375 0.37604166666666666 0.0484375 0.071875
2 0.3890625 0.21875 0.09296875 0.10104166666666667
3 0.328125 0.35208333333333336 0.0484375 0.026041666666666668
3 0.43046875 0.36354166666666665 0.04765625 0.025
3 0.85625 0.4083333333333333 0.04609375 0.021875
3 0.9375 0.4166666666666667 0.046875 0.021875