1 0.50859375 0.06458333333333334 0.096875 0.08541666666666667
1 0.36484375 0.3 0.1046875 0.04375
1 0.6890625 0.30416666666666664 0.0796875 0.03958333333333333
1 0.68515625 0.37083333333333335 0.0796875 0.03958333333333333
1 0.38125 0.45625 0.0765625 0.07083333333333333
1 0.56171875 0.490625 0.0546875 0.058333333333333334
1 0.61796875 0.49270833333333336 0.05625 0.0625
1 0.453125 0.6864583333333333 0.0703125 0.052083333333333336
0 0.49765625 0.19583333333333333 0.1265625 0.11458333333333333
0 0.4921875 0.32916666666666666 0.1234375 0.1125
3 0.1703125 0.34791666666666665 0.0578125 0.0375
3 0.29296875 0.371875 0.053125 0.035416666666666666
3 0.7421875 0.45208333333333334 0.05 0.03333333333333333
3 0.821875 0.465625 0.0515625 0.03333333333333333
5 0.23203125 0.31145833333333334 0.0703125 0.09375
5 0.78359375 0.41770833333333335 0.0625 0.08333333333333333
4 0.4015625 0.39791666666666664 0.0578125 0.07916666666666666
4 0.59296875 0.42916666666666664 0.08125 0.08333333333333333
2 0.240625 0.19375 0.128125 0.11875