1 0.5421875 0.053125 0.078125 0.06666666666666667
1 0.6984375 0.259375 0.0671875 0.030208333333333334
1 0.690625 0.3229166666666667 0.06640625 0.027083333333333334
1 0.3953125 0.29270833333333335 0.071875 0.030208333333333334
1 0.4703125 0.6333333333333333 0.0484375 0.03333333333333333
1 0.40390625 0.4270833333333333 0.059375 0.04895833333333333
1 0.58046875 0.44583333333333336 0.04609375 0.040625
1 0.63046875 0.44479166666666664 0.053125 0.042708333333333334
5 0.7890625 0.36041666666666666 0.046875 0.06770833333333333
5 0.2734375 0.31145833333333334 0.04765625 0.07395833333333333
2 0.2953125 0.21354166666666666 0.09609375 0.1
3 0.2171875 0.34791666666666665 0.046875 0.01875
3 0.32109375 0.3572916666666667 0.04609375 0.019791666666666666
3 0.74296875 0.39375 0.05234375 0.017708333333333333
3 0.821875 0.39895833333333336 0.0453125 0.01875
4 0.61015625 0.39375 0.0671875 0.0625
4 0.42734375 0.378125 0.05703125 0.06770833333333333
0 0.52890625 0.17708333333333334 0.10390625 0.084375
0 0.51640625 0.3020833333333333 0.103125 0.08333333333333333