0 0.48671875 0.2125 0.1171875 0.10416666666666667
0 0.48046875 0.3458333333333333 0.11875 0.1
1 0.4921875 0.08229166666666667 0.0859375 0.075
1 0.675 0.309375 0.078125 0.03958333333333333
1 0.675 0.37916666666666665 0.0671875 0.035416666666666666
1 0.35703125 0.328125 0.084375 0.04375
1 0.36796875 0.4791666666666667 0.0734375 0.058333333333333334
1 0.559375 0.503125 0.0546875 0.04791666666666667
1 0.6125 0.5041666666666667 0.053125 0.05416666666666667
1 0.44765625 0.7104166666666667 0.0546875 0.052083333333333336
2 0.2265625 0.23645833333333333 0.1171875 0.12083333333333333
5 0.21875 0.346875 0.0578125 0.09375
5 0.775 0.421875 0.0484375 0.075
3 0.1546875 0.38333333333333336 0.034375 0.027083333333333334
3 0.278125 0.4 0.040625 0.025
3 0.73125 0.4552083333333333 0.04375 0.020833333333333332
3 0.81171875 0.4625 0.0421875 0.025
4 0.3921875 0.425 0.0515625 0.08125
4 0.58203125 0.44895833333333335 0.0765625 0.07708333333333334