1 0.5484375 0.078125 0.0875 0.07083333333333333
1 0.4296875 0.325 0.08203125 0.034375
1 0.74453125 0.28125 0.084375 0.026041666666666668
1 0.73828125 0.35208333333333336 0.08359375 0.029166666666666667
1 0.61171875 0.4864583333333333 0.04609375 0.04479166666666667
1 0.6765625 0.48333333333333334 0.05390625 0.046875
1 0.440625 0.475 0.0734375 0.059375
1 0.50703125 0.696875 0.06875 0.042708333333333334
0 0.54375 0.20416666666666666 0.11015625 0.09270833333333334
0 0.5421875 0.33645833333333336 0.11171875 0.0875
3 0.23828125 0.396875 0.05078125 0.025
3 0.35703125 0.4010416666666667 0.04296875 0.025
3 0.79453125 0.4239583333333333 0.0453125 0.025
3 0.878125 0.43020833333333336 0.04765625 0.025
5 0.3015625 0.35208333333333336 0.059375 0.08854166666666667
5 0.8390625 0.3854166666666667 0.0515625 0.07604166666666666
2 0.28515625 0.24583333333333332 0.115625 0.10416666666666667
4 0.46640625 0.41041666666666665 0.04296875 0.06458333333333334
4 0.646875 0.42291666666666666 0.0796875 0.08645833333333333