1 0.57890625 0.07708333333333334 0.0984375 0.09583333333333334
1 0.4234375 0.2916666666666667 0.0890625 0.05625
1 0.7390625 0.33645833333333336 0.0875 0.05
1 0.728125 0.4010416666666667 0.0875 0.05416666666666667
1 0.58984375 0.49895833333333334 0.0515625 0.05625
1 0.64765625 0.515625 0.0578125 0.06041666666666667
1 0.42109375 0.44895833333333335 0.078125 0.07291666666666667
1 0.45859375 0.6802083333333333 0.065625 0.05625
0 0.559375 0.20416666666666666 0.125 0.12291666666666666
0 0.5359375 0.3302083333333333 0.121875 0.12291666666666666
2 0.30390625 0.17395833333333333 0.134375 0.1375
4 0.44453125 0.384375 0.0546875 0.07708333333333334
4 0.634375 0.4427083333333333 0.0921875 0.09583333333333334
3 0.22734375 0.309375 0.0546875 0.041666666666666664
3 0.33828125 0.3489583333333333 0.0390625 0.041666666666666664
3 0.7765625 0.490625 0.053125 0.041666666666666664
3 0.8515625 0.5166666666666667 0.059375 0.041666666666666664
5 0.2890625 0.28020833333333334 0.0734375 0.10208333333333333
5 0.8234375 0.46145833333333336 0.065625 0.08333333333333333