0 0.54765625 0.309375 0.1234375 0.08645833333333333
0 0.54765625 0.17395833333333333 0.11328125 0.09583333333333334
1 0.5515625 0.042708333333333334 0.08828125 0.06770833333333333
1 0.43515625 0.296875 0.07734375 0.034375
1 0.74765625 0.3229166666666667 0.0828125 0.029166666666666667
1 0.74765625 0.24791666666666667 0.075 0.022916666666666665
1 0.6203125 0.459375 0.03984375 0.04791666666666667
1 0.684375 0.45208333333333334 0.04609375 0.04895833333333333
1 0.45078125 0.4552083333333333 0.06171875 0.057291666666666664
1 0.52421875 0.6677083333333333 0.04921875 0.04479166666666667
5 0.30859375 0.33229166666666665 0.0609375 0.08645833333333333
5 0.85078125 0.35625 0.04921875 0.07395833333333333
3 0.809375 0.39479166666666665 0.0484375 0.025
3 0.24765625 0.37395833333333334 0.03984375 0.027083333333333334
3 0.3671875 0.378125 0.0375 0.026041666666666668
3 0.896875 0.39479166666666665 0.04921875 0.022916666666666665
2 0.28515625 0.21770833333333334 0.1125 0.096875
4 0.65546875 0.39375 0.0796875 0.06354166666666666
4 0.47421875 0.38645833333333335 0.0421875 0.06354166666666666