1 0.48515625 0.06458333333333334 0.0953125 0.08958333333333333
1 0.40859375 0.33645833333333336 0.0984375 0.05625
1 0.70703125 0.22083333333333333 0.0828125 0.04583333333333333
1 0.71640625 0.2916666666666667 0.0828125 0.04375
1 0.61171875 0.4510416666666667 0.0515625 0.05625
1 0.678125 0.43333333333333335 0.06875 0.0625
1 0.44453125 0.478125 0.08125 0.07291666666666667
1 0.546875 0.6802083333333333 0.0640625 0.052083333333333336
0 0.50078125 0.190625 0.1296875 0.11875
0 0.51796875 0.32083333333333336 0.1296875 0.11875
3 0.23125 0.44895833333333335 0.0578125 0.03958333333333333
3 0.353125 0.4270833333333333 0.046875 0.03125
3 0.78828125 0.3458333333333333 0.0484375 0.03333333333333333
3 0.86171875 0.33229166666666665 0.0421875 0.03333333333333333
5 0.2890625 0.3927083333333333 0.0703125 0.10416666666666667
5 0.821875 0.3020833333333333 0.0671875 0.0875
4 0.45625 0.41458333333333336 0.0421875 0.07708333333333334
4 0.63515625 0.3802083333333333 0.1 0.10833333333333334
2 0.24921875 0.290625 0.1296875 0.1375