1 0.578125 0.034375 0.08359375 0.06875
0 0.584375 0.16666666666666666 0.10859375 0.09583333333333334
0 0.58671875 0.3072916666666667 0.11328125 0.09375
1 0.80078125 0.24583333333333332 0.071875 0.03229166666666667
1 0.80625 0.31666666666666665 0.07421875 0.028125
1 0.49921875 0.3020833333333333 0.071875 0.035416666666666666
1 0.6734375 0.4583333333333333 0.053125 0.04583333333333333
1 0.74296875 0.45416666666666666 0.05390625 0.04895833333333333
1 0.50625 0.45729166666666665 0.0734375 0.05625
1 0.57890625 0.6760416666666667 0.053125 0.041666666666666664
2 0.309375 0.225 0.11875 0.11354166666666667
5 0.371875 0.33645833333333336 0.05859375 0.08854166666666667
5 0.9015625 0.34791666666666665 0.05 0.06979166666666667
4 0.50546875 0.3958333333333333 0.06796875 0.071875
4 0.7 0.39895833333333336 0.07578125 0.06770833333333333
3 0.31640625 0.384375 0.0453125 0.021875
3 0.434375 0.38333333333333336 0.03671875 0.023958333333333335
3 0.86484375 0.3875 0.04140625 0.015625
3 0.94140625 0.38645833333333335 0.03984375 0.01875