1 0.5265625 0.15104166666666666 0.07734375 0.06041666666666667
1 0.7140625 0.33645833333333336 0.06953125 0.029166666666666667
1 0.71796875 0.396875 0.06484375 0.029166666666666667
1 0.43203125 0.38958333333333334 0.07109375 0.030208333333333334
1 0.4484375 0.521875 0.065625 0.051041666666666666
1 0.61640625 0.525 0.05078125 0.04479166666666667
1 0.671875 0.51875 0.05390625 0.04375
1 0.53359375 0.728125 0.0515625 0.040625
0 0.53046875 0.26979166666666665 0.10234375 0.08333333333333333
0 0.5375 0.38958333333333334 0.1015625 0.084375
2 0.296875 0.31666666666666665 0.10234375 0.09583333333333334
5 0.3140625 0.42083333333333334 0.04921875 0.07708333333333334
5 0.815625 0.425 0.04375 0.06666666666666667
3 0.26171875 0.4583333333333333 0.04140625 0.017708333333333333
3 0.36796875 0.459375 0.04140625 0.01875
3 0.77734375 0.46145833333333336 0.03828125 0.017708333333333333
3 0.853125 0.46041666666666664 0.03984375 0.01875
4 0.63828125 0.471875 0.06796875 0.06354166666666666
4 0.45 0.46875 0.06640625 0.06666666666666667