1 0.47265625 0.08645833333333333 0.08515625 0.06875
1 0.66640625 0.2947916666666667 0.07421875 0.034375
1 0.66640625 0.3614583333333333 0.07109375 0.034375
1 0.34765625 0.3458333333333333 0.0765625 0.03854166666666667
1 0.3703125 0.49375 0.065625 0.058333333333333334
1 0.55625 0.496875 0.05234375 0.046875
1 0.6109375 0.49583333333333335 0.05859375 0.053125
4 0.3890625 0.4354166666666667 0.05234375 0.07291666666666667
4 0.58203125 0.44375 0.06953125 0.06875
5 0.2125 0.371875 0.05625 0.08229166666666667
5 0.7703125 0.39791666666666664 0.0484375 0.07083333333333333
2 0.2125 0.26145833333333335 0.1109375 0.11041666666666666
3 0.14609375 0.415625 0.04453125 0.023958333333333335
3 0.27109375 0.4197916666666667 0.0390625 0.022916666666666665
3 0.73046875 0.4354166666666667 0.03515625 0.020833333333333332
3 0.81015625 0.43645833333333334 0.03203125 0.015625
0 0.4703125 0.215625 0.1125 0.09270833333333334
0 0.47265625 0.35 0.1125 0.09375
1 0.45546875 0.7135416666666666 0.053125 0.04375