0 0.4890625 0.20416666666666666 0.109375 0.08854166666666667
0 0.4953125 0.340625 0.11015625 0.08958333333333333
5 0.24453125 0.3729166666666667 0.0578125 0.08958333333333333
5 0.8 0.38333333333333336 0.04765625 0.06875
2 0.2265625 0.259375 0.1078125 0.10625
3 0.18515625 0.4166666666666667 0.05234375 0.021875
3 0.30703125 0.41875 0.05390625 0.017708333333333333
3 0.75859375 0.42083333333333334 0.04375 0.015625
3 0.8390625 0.42083333333333334 0.04375 0.01875
4 0.4171875 0.43020833333333336 0.03984375 0.07708333333333334
4 0.60546875 0.43333333333333335 0.0703125 0.06979166666666667
1 0.48359375 0.07395833333333333 0.0828125 0.071875
1 0.69140625 0.28229166666666666 0.06875 0.03125
1 0.69453125 0.35104166666666664 0.071875 0.028125
1 0.58671875 0.490625 0.05234375 0.04375
1 0.640625 0.48541666666666666 0.05234375 0.051041666666666666
1 0.4046875 0.4864583333333333 0.0640625 0.05625
1 0.378125 0.3375 0.07890625 0.03125
1 0.48984375 0.7083333333333334 0.059375 0.04375