1 0.44765625 0.03854166666666667 0.1046875 0.07708333333333334
1 0.38359375 0.31875 0.09375 0.05625
1 0.6765625 0.20208333333333334 0.084375 0.04791666666666667
1 0.684375 0.271875 0.0859375 0.04583333333333333
1 0.57890625 0.4322916666666667 0.053125 0.058333333333333334
1 0.64140625 0.41354166666666664 0.0609375 0.06041666666666667
1 0.51328125 0.65625 0.0671875 0.052083333333333336
1 0.41640625 0.4635416666666667 0.0796875 0.07291666666666667
0 0.46640625 0.16458333333333333 0.13125 0.12916666666666668
0 0.48359375 0.30104166666666665 0.128125 0.11875
3 0.20546875 0.43645833333333334 0.05625 0.0375
3 0.32734375 0.41041666666666665 0.0578125 0.03958333333333333
3 0.7484375 0.328125 0.05625 0.03333333333333333
3 0.8234375 0.31145833333333334 0.0515625 0.0375
5 0.25625 0.375 0.075 0.09791666666666667
5 0.7828125 0.28020833333333334 0.0609375 0.08541666666666667
4 0.428125 0.39479166666666665 0.05 0.07708333333333334
4 0.60625 0.35833333333333334 0.096875 0.09791666666666667
2 0.20703125 0.26666666666666666 0.1546875 0.14583333333333334