1 0.55390625 0.071875 0.0859375 0.07291666666666667
1 0.73984375 0.27708333333333335 0.078125 0.03333333333333333
1 0.73828125 0.346875 0.08125 0.03333333333333333
1 0.425 0.32708333333333334 0.09375 0.04583333333333333
1 0.43203125 0.47708333333333336 0.0765625 0.06458333333333334
1 0.603125 0.484375 0.0421875 0.05
1 0.66953125 0.478125 0.05625 0.04791666666666667
1 0.49921875 0.6979166666666666 0.0671875 0.04375
0 0.5453125 0.203125 0.1140625 0.09583333333333334
0 0.5390625 0.3375 0.115625 0.09583333333333334
3 0.2265625 0.403125 0.053125 0.03125
3 0.3484375 0.40625 0.0453125 0.029166666666666667
3 0.79609375 0.42083333333333334 0.0453125 0.029166666666666667
3 0.8703125 0.421875 0.0453125 0.029166666666666667
5 0.29140625 0.35625 0.0609375 0.0875
5 0.8375 0.3854166666666667 0.0609375 0.0875
2 0.2875 0.246875 0.11875 0.11875
4 0.4578125 0.4125 0.040625 0.0625
4 0.64140625 0.4197916666666667 0.0796875 0.08125