1 0.490625 0.03229166666666667 0.090625 0.06458333333333334
1 0.721875 0.20833333333333334 0.075 0.03958333333333333
1 0.7328125 0.2791666666666667 0.075 0.03958333333333333
1 0.5390625 0.665625 0.05625 0.05
1 0.43125 0.28854166666666664 0.08125 0.03958333333333333
1 0.61875 0.4354166666666667 0.0546875 0.05416666666666667
1 0.67734375 0.42291666666666666 0.0453125 0.052083333333333336
1 0.4515625 0.44895833333333335 0.08125 0.06666666666666667
0 0.5046875 0.15625 0.11875 0.11041666666666666
0 0.51796875 0.2916666666666667 0.1203125 0.1125
2 0.23046875 0.24270833333333333 0.13125 0.13333333333333333
5 0.30234375 0.3375 0.071875 0.1
5 0.83046875 0.2989583333333333 0.053125 0.075
4 0.63671875 0.3729166666666667 0.0828125 0.07916666666666666
4 0.46640625 0.3614583333333333 0.0171875 0.020833333333333332
3 0.25 0.39166666666666666 0.0453125 0.03333333333333333
3 0.371875 0.38125 0.0359375 0.029166666666666667
3 0.7953125 0.34375 0.034375 0.022916666666666665
3 0.865625 0.33645833333333336 0.034375 0.022916666666666665