1 0.38515625 0.12083333333333333 0.09375 0.09375
1 0.6046875 0.25729166666666664 0.071875 0.05416666666666667
1 0.61640625 0.32395833333333335 0.06875 0.04791666666666667
1 0.30390625 0.40729166666666666 0.0796875 0.06041666666666667
1 0.346875 0.5427083333333333 0.078125 0.075
1 0.5359375 0.48854166666666665 0.053125 0.058333333333333334
1 0.5875 0.46875 0.0609375 0.0625
1 0.471875 0.7322916666666667 0.0625 0.0625
0 0.40703125 0.24479166666666666 0.1203125 0.12291666666666666
0 0.428125 0.37083333333333335 0.1234375 0.12083333333333333
5 0.17734375 0.47604166666666664 0.06875 0.09791666666666667
5 0.7234375 0.32395833333333335 0.0609375 0.08541666666666667
2 0.16875 0.36875 0.125 0.1375
3 0.121875 0.5385416666666667 0.040625 0.035416666666666666
3 0.24296875 0.5041666666666667 0.0390625 0.035416666666666666
3 0.690625 0.3729166666666667 0.0328125 0.027083333333333334
3 0.7671875 0.35 0.0328125 0.029166666666666667
4 0.359375 0.48125 0.0640625 0.09166666666666666
4 0.5484375 0.4270833333333333 0.08125 0.08958333333333333