1 0.553125 0.06979166666666667 0.096875 0.08958333333333333
1 0.4046875 0.3 0.090625 0.05
1 0.728125 0.321875 0.0859375 0.04583333333333333
1 0.71796875 0.39166666666666666 0.084375 0.04583333333333333
1 0.58515625 0.5010416666666667 0.0578125 0.06041666666666667
1 0.6421875 0.5114583333333333 0.0578125 0.06666666666666667
1 0.41015625 0.45729166666666665 0.084375 0.07708333333333334
1 0.4640625 0.6875 0.065625 0.05
0 0.5359375 0.20208333333333334 0.1265625 0.12291666666666666
0 0.521875 0.33645833333333336 0.121875 0.11458333333333333
3 0.20859375 0.33541666666666664 0.053125 0.0375
3 0.32734375 0.3645833333333333 0.040625 0.035416666666666666
3 0.77109375 0.478125 0.05 0.03333333333333333
3 0.846875 0.4947916666666667 0.0515625 0.035416666666666666
5 0.27109375 0.30520833333333336 0.075 0.10208333333333333
5 0.81484375 0.44583333333333336 0.0609375 0.09166666666666666
4 0.43203125 0.3958333333333333 0.053125 0.07916666666666666
4 0.61953125 0.44166666666666665 0.0875 0.09583333333333334
2 0.27734375 0.18958333333333333 0.128125 0.125