0 0.54921875 0.14166666666666666 0.11328125 0.09583333333333334
0 0.540625 0.2864583333333333 0.11171875 0.09791666666666667
5 0.28359375 0.2989583333333333 0.0546875 0.08854166666666667
5 0.85390625 0.33958333333333335 0.0515625 0.07604166666666666
2 0.28203125 0.19270833333333334 0.109375 0.11354166666666667
3 0.2203125 0.340625 0.03671875 0.021875
3 0.34140625 0.34791666666666665 0.03984375 0.022916666666666665
3 0.80546875 0.37604166666666666 0.03984375 0.017708333333333333
3 0.890625 0.3802083333333333 0.0390625 0.017708333333333333
4 0.4515625 0.3697916666666667 0.05 0.078125
4 0.646875 0.38333333333333336 0.0765625 0.07395833333333333
1 0.55625 0.019791666666666666 0.08984375 0.03958333333333333
1 0.75078125 0.22395833333333334 0.0765625 0.029166666666666667
1 0.746875 0.3 0.07421875 0.029166666666666667
1 0.4171875 0.26979166666666665 0.08515625 0.0375
1 0.428125 0.42604166666666665 0.07421875 0.05520833333333333
1 0.61328125 0.440625 0.046875 0.046875
1 0.67265625 0.43854166666666666 0.05703125 0.05
1 0.5 0.6489583333333333 0.05234375 0.036458333333333336