1 0.51875 0.040625 0.08984375 0.07291666666666667
1 0.39453125 0.2875 0.0953125 0.034375
1 0.71015625 0.24583333333333332 0.08359375 0.03229166666666667
1 0.7078125 0.315625 0.09140625 0.03125
1 0.58515625 0.45625 0.05234375 0.052083333333333336
1 0.64375 0.45 0.05234375 0.05416666666666667
1 0.409375 0.4427083333333333 0.06875 0.052083333333333336
1 0.48671875 0.6604166666666667 0.0609375 0.03333333333333333
0 0.515625 0.17291666666666666 0.11953125 0.103125
0 0.5140625 0.30833333333333335 0.1234375 0.09479166666666666
3 0.20546875 0.359375 0.04921875 0.030208333333333334
3 0.325 0.36354166666666665 0.0625 0.027083333333333334
3 0.765625 0.38958333333333334 0.04921875 0.026041666666666668
3 0.84921875 0.39375 0.04453125 0.028125
5 0.26640625 0.31354166666666666 0.059375 0.08958333333333333
5 0.8109375 0.353125 0.05703125 0.08125
2 0.26015625 0.21666666666666667 0.12734375 0.11041666666666666
4 0.4328125 0.37916666666666665 0.05234375 0.07395833333333333
4 0.6203125 0.3927083333333333 0.08359375 0.078125