1 0.39609375 0.35625 0.0921875 0.06041666666666667
1 0.69296875 0.2677083333333333 0.075 0.05
1 0.60859375 0.4354166666666667 0.0515625 0.06041666666666667
1 0.665625 0.41041666666666665 0.059375 0.06458333333333334
1 0.44609375 0.49375 0.0734375 0.075
1 0.67578125 0.2 0.0765625 0.05416666666666667
1 0.4375 0.078125 0.1 0.09791666666666667
1 0.5640625 0.6770833333333334 0.0671875 0.06041666666666667
0 0.5 0.325 0.1171875 0.11666666666666667
0 0.46640625 0.20104166666666667 0.11875 0.125
2 0.2234375 0.33645833333333336 0.1265625 0.14166666666666666
3 0.23125 0.4947916666666667 0.0359375 0.03333333333333333
3 0.3484375 0.4552083333333333 0.034375 0.03125
3 0.76796875 0.309375 0.0390625 0.03333333333333333
3 0.84453125 0.28229166666666666 0.0359375 0.03333333333333333
5 0.27734375 0.42916666666666664 0.071875 0.09791666666666667
5 0.796875 0.25833333333333336 0.06875 0.0875
4 0.45078125 0.42604166666666665 0.04375 0.075
4 0.61875 0.3697916666666667 0.09375 0.0875