1 0.59609375 0.03958333333333333 0.08828125 0.07395833333333333
1 0.80625 0.25729166666666664 0.08125 0.03333333333333333
1 0.8046875 0.32708333333333334 0.07578125 0.03125
1 0.4953125 0.30520833333333336 0.0765625 0.035416666666666666
1 0.665625 0.4666666666666667 0.0453125 0.042708333333333334
1 0.734375 0.4625 0.05859375 0.05
1 0.49453125 0.4583333333333333 0.08046875 0.052083333333333336
1 0.559375 0.6822916666666666 0.05625 0.042708333333333334
0 0.58984375 0.17395833333333333 0.11796875 0.09583333333333334
0 0.58984375 0.31145833333333334 0.109375 0.090625
2 0.315625 0.22395833333333334 0.11171875 0.11458333333333333
5 0.36484375 0.33645833333333336 0.05859375 0.0875
5 0.903125 0.3614583333333333 0.053125 0.071875
4 0.6984375 0.4083333333333333 0.078125 0.06979166666666667
4 0.503125 0.4 0.0640625 0.07604166666666666
3 0.30546875 0.37916666666666665 0.03984375 0.026041666666666668
3 0.42265625 0.3854166666666667 0.0359375 0.027083333333333334
3 0.8640625 0.4 0.04140625 0.020833333333333332
3 0.9421875 0.4010416666666667 0.03671875 0.01875