1 0.39296875 0.11041666666666666 0.0953125 0.09166666666666666
1 0.61171875 0.25416666666666665 0.0765625 0.05416666666666667
1 0.62421875 0.31979166666666664 0.0734375 0.052083333333333336
1 0.31015625 0.39166666666666666 0.084375 0.058333333333333334
1 0.53515625 0.4864583333333333 0.05625 0.06041666666666667
1 0.58984375 0.465625 0.0578125 0.0625
1 0.35078125 0.5322916666666667 0.0734375 0.07291666666666667
1 0.471875 0.7270833333333333 0.0578125 0.058333333333333334
0 0.41171875 0.23645833333333333 0.1203125 0.12083333333333333
0 0.43359375 0.3625 0.1234375 0.11666666666666667
4 0.55234375 0.4239583333333333 0.0796875 0.08958333333333333
4 0.36328125 0.47291666666666665 0.0609375 0.0875
2 0.171875 0.35625 0.125 0.13541666666666666
5 0.18125 0.4625 0.06875 0.1
5 0.73125 0.32395833333333335 0.0578125 0.08333333333333333
3 0.12578125 0.5229166666666667 0.04375 0.03333333333333333
3 0.2453125 0.49166666666666664 0.046875 0.035416666666666666
3 0.69453125 0.3729166666666667 0.046875 0.027083333333333334
3 0.77578125 0.35104166666666664 0.0421875 0.027083333333333334