1 0.421875 0.036458333333333336 0.10625 0.07083333333333333
1 0.30390625 0.30625 0.0953125 0.05625
1 0.6296875 0.21770833333333334 0.090625 0.04583333333333333
1 0.628125 0.2916666666666667 0.0796875 0.04375
1 0.33515625 0.45729166666666665 0.0796875 0.07083333333333333
1 0.51484375 0.4395833333333333 0.05 0.05625
1 0.56875 0.43333333333333335 0.0484375 0.052083333333333336
1 0.4296875 0.659375 0.065625 0.04375
0 0.4296875 0.16041666666666668 0.1234375 0.11875
0 0.43515625 0.2989583333333333 0.1265625 0.1125
3 0.10625 0.4114583333333333 0.0546875 0.03333333333333333
3 0.2359375 0.39479166666666665 0.0546875 0.03958333333333333
3 0.68671875 0.35520833333333335 0.0515625 0.0375
3 0.76796875 0.3458333333333333 0.0453125 0.03333333333333333
4 0.35390625 0.38958333333333334 0.0625 0.07708333333333334
4 0.546875 0.36875 0.09375 0.09583333333333334
5 0.1703125 0.353125 0.0703125 0.1
5 0.73046875 0.31145833333333334 0.05625 0.08333333333333333
2 0.175 0.23229166666666667 0.13125 0.15625