1 0.571875 0.1625 0.084375 0.07708333333333334
1 0.73203125 0.3885416666666667 0.071875 0.04583333333333333
1 0.728125 0.44895833333333335 0.0671875 0.04375
1 0.44765625 0.37604166666666666 0.0734375 0.04583333333333333
1 0.44609375 0.509375 0.071875 0.06458333333333334
1 0.61171875 0.5520833333333334 0.05625 0.05625
1 0.6671875 0.5583333333333333 0.059375 0.05625
1 0.503125 0.7322916666666667 0.05625 0.052083333333333336
0 0.56015625 0.28020833333333334 0.1109375 0.10625
0 0.5515625 0.4 0.1109375 0.10625
2 0.32421875 0.27291666666666664 0.1125 0.11875
5 0.32734375 0.37916666666666665 0.0578125 0.0875
5 0.8203125 0.49895833333333334 0.0515625 0.075
3 0.27109375 0.4041666666666667 0.04375 0.027083333333333334
3 0.375 0.42916666666666664 0.04375 0.027083333333333334
3 0.778125 0.5260416666666666 0.040625 0.027083333333333334
3 0.853125 0.5427083333333333 0.0421875 0.027083333333333334
4 0.63984375 0.5041666666666667 0.075 0.07916666666666666
4 0.4546875 0.45729166666666665 0.0734375 0.08125