1 0.528125 0.03854166666666667 0.09140625 0.075
1 0.434375 0.30104166666666665 0.0984375 0.034375
1 0.73515625 0.2520833333333333 0.084375 0.029166666666666667
1 0.734375 0.3229166666666667 0.08046875 0.026041666666666668
1 0.4421875 0.4552083333333333 0.078125 0.06041666666666667
1 0.5984375 0.45729166666666665 0.0375 0.04791666666666667
1 0.671875 0.45208333333333334 0.0546875 0.05
1 0.51171875 0.66875 0.06953125 0.042708333333333334
0 0.52578125 0.17291666666666666 0.11796875 0.09479166666666666
0 0.528125 0.3072916666666667 0.10859375 0.09166666666666666
3 0.25078125 0.378125 0.05078125 0.021875
3 0.3671875 0.38229166666666664 0.05234375 0.026041666666666668
3 0.79453125 0.38958333333333334 0.04765625 0.019791666666666666
3 0.8578125 0.39166666666666666 0.059375 0.026041666666666668
5 0.3046875 0.3302083333333333 0.059375 0.0875
5 0.83203125 0.353125 0.0484375 0.07083333333333333
2 0.2578125 0.215625 0.1328125 0.11458333333333333
4 0.44609375 0.36770833333333336 0.0765625 0.021875
4 0.64140625 0.3927083333333333 0.07890625 0.078125