1 0.47421875 0.03958333333333333 0.09140625 0.07395833333333333
1 0.35625 0.30416666666666664 0.09765625 0.03229166666666667
1 0.66953125 0.325 0.0796875 0.028125
1 0.67265625 0.2552083333333333 0.0859375 0.026041666666666668
1 0.375 0.45729166666666665 0.08125 0.05520833333333333
1 0.5453125 0.46041666666666664 0.04375 0.05
1 0.61015625 0.4583333333333333 0.0578125 0.04895833333333333
1 0.45390625 0.6697916666666667 0.0609375 0.03854166666666667
0 0.4703125 0.175 0.12265625 0.1
0 0.471875 0.3104166666666667 0.1203125 0.09895833333333333
3 0.16640625 0.378125 0.06015625 0.022916666666666665
3 0.28359375 0.384375 0.04921875 0.028125
3 0.73125 0.3958333333333333 0.04375 0.023958333333333335
3 0.80859375 0.39895833333333336 0.05078125 0.029166666666666667
5 0.2203125 0.334375 0.06015625 0.090625
5 0.771875 0.36041666666666666 0.04921875 0.07604166666666666
4 0.39453125 0.3927083333333333 0.046875 0.06979166666666667
4 0.58046875 0.39375 0.08125 0.08333333333333333
2 0.2109375 0.21354166666666666 0.1375 0.12395833333333334