1 0.61015625 0.08229166666666667 0.0859375 0.08958333333333333
1 0.421875 0.2677083333333333 0.0765625 0.05625
1 0.72109375 0.3302083333333333 0.06875 0.04791666666666667
1 0.70234375 0.3885416666666667 0.0671875 0.04583333333333333
1 0.403125 0.4010416666666667 0.0640625 0.0625
1 0.5703125 0.471875 0.05 0.05416666666666667
1 0.6171875 0.4864583333333333 0.059375 0.058333333333333334
1 0.428125 0.61875 0.05625 0.05
0 0.5734375 0.19895833333333332 0.1140625 0.11875
0 0.5390625 0.31354166666666666 0.1109375 0.11041666666666666
4 0.43515625 0.35833333333333334 0.0671875 0.0875
4 0.6125 0.43125 0.075 0.08125
2 0.33828125 0.15729166666666666 0.1078125 0.12708333333333333
5 0.29921875 0.24583333333333332 0.0625 0.0875
5 0.78828125 0.4552083333333333 0.0546875 0.07708333333333334
3 0.234375 0.26458333333333334 0.0390625 0.029166666666666667
3 0.33671875 0.30520833333333336 0.040625 0.03125
3 0.73828125 0.4739583333333333 0.0375 0.027083333333333334
3 0.81171875 0.5020833333333333 0.0328125 0.025