1 0.4671875 0.05520833333333333 0.090625 0.09166666666666666
1 0.38046875 0.3333333333333333 0.071875 0.052083333333333336
1 0.671875 0.25833333333333336 0.0671875 0.04583333333333333
1 0.66640625 0.19270833333333334 0.065625 0.04375
1 0.58671875 0.41770833333333335 0.05 0.05416666666666667
1 0.415625 0.4625 0.06875 0.06458333333333334
1 0.51875 0.6364583333333333 0.053125 0.05
1 0.63671875 0.39895833333333336 0.05625 0.058333333333333334
4 0.60546875 0.35833333333333334 0.078125 0.0875
4 0.4265625 0.40520833333333334 0.059375 0.08541666666666667
0 0.48203125 0.17708333333333334 0.1140625 0.11666666666666667
0 0.4984375 0.3020833333333333 0.1171875 0.11666666666666667
5 0.26953125 0.396875 0.0625 0.08958333333333333
5 0.77421875 0.259375 0.059375 0.08333333333333333
2 0.2640625 0.29583333333333334 0.1171875 0.13125
3 0.2203125 0.45208333333333334 0.0453125 0.03333333333333333
3 0.3234375 0.42291666666666666 0.0453125 0.035416666666666666
3 0.7375 0.30833333333333335 0.040625 0.03125
3 0.81171875 0.2864583333333333 0.040625 0.03125