1 0.5265625 0.08645833333333333 0.09375 0.08958333333333333
1 0.67890625 0.33958333333333335 0.0765625 0.052083333333333336
1 0.66953125 0.40625 0.0734375 0.05
1 0.3625 0.2947916666666667 0.084375 0.05625
1 0.53671875 0.5072916666666667 0.05625 0.058333333333333334
1 0.5921875 0.5197916666666667 0.0578125 0.06041666666666667
1 0.3546875 0.44479166666666664 0.0734375 0.07291666666666667
1 0.40234375 0.6895833333333333 0.0578125 0.05625
0 0.50390625 0.21145833333333333 0.1203125 0.11875
0 0.48359375 0.3375 0.121875 0.11458333333333333
4 0.571875 0.46041666666666664 0.078125 0.0875
4 0.384375 0.39791666666666664 0.059375 0.08541666666666667
2 0.2484375 0.184375 0.125 0.13333333333333333
5 0.2234375 0.2864583333333333 0.06875 0.09791666666666667
5 0.76484375 0.4708333333333333 0.0578125 0.08125
3 0.153125 0.3104166666666667 0.04375 0.03125
3 0.271875 0.3489583333333333 0.046875 0.03333333333333333
3 0.71640625 0.4947916666666667 0.046875 0.027083333333333334
3 0.796875 0.5197916666666667 0.0421875 0.027083333333333334