1 0.546875 0.03333333333333333 0.0875 0.06666666666666667
0 0.5625 0.15833333333333333 0.1140625 0.10833333333333334
0 0.5734375 0.29791666666666666 0.11875 0.10625
1 0.7828125 0.21145833333333333 0.0734375 0.03958333333333333
1 0.79296875 0.28229166666666666 0.075 0.0375
1 0.4859375 0.303125 0.0734375 0.04375
1 0.6703125 0.43854166666666666 0.05625 0.052083333333333336
1 0.7390625 0.42604166666666665 0.05625 0.05416666666666667
1 0.503125 0.45625 0.0765625 0.06458333333333334
1 0.58984375 0.6666666666666666 0.05625 0.04791666666666667
2 0.2921875 0.24791666666666667 0.125 0.12708333333333333
5 0.36171875 0.35208333333333336 0.0640625 0.09583333333333334
5 0.88984375 0.3020833333333333 0.0546875 0.075
4 0.4984375 0.3958333333333333 0.071875 0.07916666666666666
4 0.69296875 0.37604166666666666 0.0796875 0.07708333333333334
3 0.309375 0.40625 0.046875 0.027083333333333334
3 0.42734375 0.39166666666666666 0.0375 0.029166666666666667
3 0.85625 0.3458333333333333 0.0421875 0.020833333333333332
3 0.93203125 0.33541666666666664 0.040625 0.022916666666666665