1 0.4421875 0.06770833333333333 0.0859375 0.071875
1 0.6390625 0.27395833333333336 0.075 0.03229166666666667
1 0.64375 0.34270833333333334 0.06953125 0.027083333333333334
1 0.31953125 0.32708333333333334 0.07734375 0.034375
1 0.5390625 0.48125 0.05078125 0.04583333333333333
1 0.34765625 0.47708333333333336 0.06484375 0.052083333333333336
1 0.4359375 0.6989583333333333 0.05546875 0.04375
0 0.44296875 0.19895833333333332 0.1140625 0.08958333333333333
0 0.44921875 0.33229166666666665 0.11328125 0.09166666666666666
2 0.1875 0.24791666666666667 0.1109375 0.109375
5 0.18359375 0.35520833333333335 0.059375 0.084375
5 0.74765625 0.37604166666666666 0.04609375 0.071875
4 0.3625 0.41875 0.04609375 0.071875
4 0.55859375 0.4239583333333333 0.071875 0.06770833333333333
3 0.12265625 0.40208333333333335 0.040625 0.021875
3 0.246875 0.403125 0.03984375 0.025
3 0.709375 0.41458333333333336 0.034375 0.013541666666666667
3 0.78671875 0.415625 0.03671875 0.0125
1 0.59296875 0.47604166666666664 0.0515625 0.05