1 0.51953125 0.16354166666666667 0.078125 0.06145833333333333
1 0.6765625 0.3541666666666667 0.06484375 0.026041666666666668
1 0.6734375 0.41354166666666664 0.06328125 0.023958333333333335
1 0.3828125 0.390625 0.07109375 0.030208333333333334
1 0.38671875 0.51875 0.06328125 0.04583333333333333
1 0.5625 0.534375 0.04609375 0.042708333333333334
1 0.6140625 0.5333333333333333 0.0546875 0.046875
4 0.5953125 0.484375 0.06796875 0.065625
4 0.41015625 0.46770833333333334 0.0578125 0.06458333333333334
5 0.2640625 0.4114583333333333 0.0484375 0.07604166666666666
5 0.7703125 0.4510416666666667 0.04375 0.06875
2 0.28515625 0.3104166666666667 0.09375 0.09479166666666666
3 0.20390625 0.44479166666666664 0.0484375 0.020833333333333332
3 0.30859375 0.45208333333333334 0.0484375 0.021875
3 0.73125 0.4822916666666667 0.06171875 0.019791666666666666
3 0.80625 0.4875 0.03515625 0.01875
1 0.45625 0.7302083333333333 0.053125 0.03854166666666667
0 0.5109375 0.278125 0.10078125 0.08125
0 0.49921875 0.3927083333333333 0.10078125 0.078125