0 0.46640625 0.12395833333333334 0.1328125 0.12916666666666668
0 0.48125 0.2677083333333333 0.1328125 0.12916666666666668
2 0.215625 0.246875 0.128125 0.14791666666666667
5 0.22265625 0.35625 0.071875 0.10208333333333333
5 0.7984375 0.23541666666666666 0.059375 0.09166666666666666
1 0.67890625 0.15104166666666666 0.0921875 0.05416666666666667
1 0.684375 0.22708333333333333 0.0734375 0.04791666666666667
1 0.35 0.2864583333333333 0.0859375 0.05625
1 0.3890625 0.440625 0.078125 0.075
1 0.58359375 0.403125 0.05625 0.0625
1 0.6359375 0.3854166666666667 0.0640625 0.06666666666666667
1 0.5 0.6416666666666667 0.065625 0.06041666666666667
4 0.40390625 0.378125 0.0671875 0.09166666666666666
4 0.60234375 0.33541666666666664 0.084375 0.09166666666666666
3 0.1640625 0.41354166666666664 0.04375 0.0375
3 0.2875 0.38645833333333335 0.0421875 0.0375
3 0.753125 0.2864583333333333 0.0421875 0.035416666666666666
3 0.8390625 0.26875 0.04375 0.03333333333333333
1 0.45859375 0.013541666666666667 0.0765625 0.027083333333333334