1 0.371875 0.3072916666666667 0.0984375 0.03958333333333333
1 0.51640625 0.06875 0.0984375 0.08333333333333333
1 0.69375 0.29583333333333334 0.084375 0.035416666666666666
1 0.68828125 0.36770833333333336 0.0828125 0.03333333333333333
1 0.56171875 0.4875 0.046875 0.05
1 0.621875 0.49270833333333336 0.05625 0.05
1 0.3875 0.4583333333333333 0.0671875 0.0625
1 0.45234375 0.684375 0.0609375 0.041666666666666664
0 0.503125 0.196875 0.1234375 0.10833333333333334
0 0.496875 0.33125 0.1203125 0.10416666666666667
3 0.1734375 0.35833333333333334 0.053125 0.03125
3 0.290625 0.3770833333333333 0.0453125 0.03333333333333333
3 0.74375 0.446875 0.05 0.03125
3 0.828125 0.4583333333333333 0.0609375 0.0375
5 0.23828125 0.31875 0.071875 0.09583333333333334
5 0.78671875 0.4083333333333333 0.059375 0.07708333333333334
4 0.40625 0.4010416666666667 0.0578125 0.07916666666666666
4 0.59609375 0.4270833333333333 0.08125 0.09375
2 0.2546875 0.20625 0.1359375 0.13958333333333334