1 0.52109375 0.036458333333333336 0.0921875 0.071875
1 0.39296875 0.2864583333333333 0.0953125 0.035416666666666666
1 0.71640625 0.23958333333333334 0.0921875 0.029166666666666667
1 0.71328125 0.3125 0.0859375 0.034375
1 0.4140625 0.4375 0.07109375 0.05625
1 0.59140625 0.4510416666666667 0.053125 0.05
1 0.65234375 0.44479166666666664 0.05703125 0.053125
1 0.4921875 0.6583333333333333 0.06328125 0.0375
0 0.51953125 0.16770833333333332 0.11484375 0.09479166666666666
0 0.51640625 0.3020833333333333 0.1171875 0.090625
3 0.209375 0.36041666666666666 0.0515625 0.028125
3 0.32421875 0.3645833333333333 0.04453125 0.026041666666666668
3 0.77265625 0.3875 0.0484375 0.022916666666666665
3 0.85390625 0.3885416666666667 0.04609375 0.028125
5 0.2671875 0.31979166666666664 0.06171875 0.09479166666666666
5 0.815625 0.3489583333333333 0.05703125 0.07916666666666666
4 0.43671875 0.37604166666666666 0.04765625 0.06770833333333333
4 0.62265625 0.38958333333333334 0.0765625 0.084375
2 0.26328125 0.215625 0.11484375 0.109375