1 0.66171875 0.08958333333333333 0.090625 0.0875
1 0.79609375 0.32916666666666666 0.0703125 0.04375
1 0.78125 0.390625 0.0671875 0.041666666666666664
1 0.49296875 0.28958333333333336 0.075 0.05
1 0.51015625 0.6458333333333334 0.046875 0.04375
1 0.6453125 0.48541666666666666 0.053125 0.05416666666666667
1 0.6953125 0.496875 0.05625 0.05416666666666667
1 0.47578125 0.4270833333333333 0.0671875 0.06041666666666667
0 0.63203125 0.20833333333333334 0.115625 0.10833333333333334
0 0.60625 0.32916666666666666 0.1125 0.10416666666666667
2 0.39296875 0.19270833333333334 0.109375 0.12291666666666666
5 0.37109375 0.28854166666666664 0.0578125 0.08958333333333333
5 0.8734375 0.45208333333333334 0.0546875 0.08125
4 0.51015625 0.38333333333333336 0.0546875 0.07916666666666666
4 0.68515625 0.44166666666666665 0.0765625 0.07916666666666666
3 0.3109375 0.3072916666666667 0.0421875 0.027083333333333334
3 0.41015625 0.340625 0.046875 0.029166666666666667
3 0.8234375 0.4739583333333333 0.046875 0.029166666666666667
3 0.9 0.496875 0.04375 0.027083333333333334