1 0.65234375 0.090625 0.084375 0.07083333333333333
1 0.85234375 0.28854166666666664 0.075 0.035416666666666666
1 0.853125 0.353125 0.0734375 0.035416666666666666
1 0.55546875 0.328125 0.0734375 0.0375
1 0.56328125 0.471875 0.0625 0.052083333333333336
1 0.72734375 0.48541666666666666 0.05 0.04583333333333333
1 0.79296875 0.4822916666666667 0.05625 0.04791666666666667
1 0.6265625 0.6875 0.053125 0.04375
5 0.43828125 0.35625 0.0515625 0.08125
5 0.9578125 0.38958333333333334 0.0515625 0.075
3 0.38828125 0.3927083333333333 0.046875 0.020833333333333332
3 0.490625 0.4 0.046875 0.022916666666666665
3 0.91640625 0.425 0.04375 0.016666666666666666
3 0.99140625 0.428125 0.0171875 0.01875
4 0.75546875 0.43020833333333336 0.0765625 0.07291666666666667
4 0.58203125 0.41875 0.0328125 0.07083333333333333
0 0.6515625 0.2125 0.109375 0.09166666666666666
0 0.6515625 0.33958333333333335 0.1109375 0.08958333333333333
2 0.40703125 0.25625 0.10625 0.10625