1 0.496875 0.034375 0.09375 0.06875
0 0.52578125 0.15 0.121875 0.125
0 0.55234375 0.2864583333333333 0.1265625 0.125
1 0.75 0.1625 0.075 0.052083333333333336
1 0.7671875 0.22916666666666666 0.0765625 0.05
1 0.465625 0.3072916666666667 0.0765625 0.05625
1 0.66171875 0.40729166666666666 0.059375 0.06041666666666667
1 0.72890625 0.38229166666666664 0.0609375 0.06458333333333334
1 0.49921875 0.45625 0.08125 0.07708333333333334
1 0.60625 0.6479166666666667 0.059375 0.05625
2 0.26796875 0.28958333333333336 0.134375 0.14583333333333334
5 0.34765625 0.37916666666666665 0.071875 0.10416666666666667
5 0.865625 0.23125 0.0609375 0.08333333333333333
4 0.4875 0.396875 0.078125 0.08958333333333333
4 0.678125 0.3416666666666667 0.0859375 0.08958333333333333
3 0.3015625 0.4427083333333333 0.0484375 0.035416666666666666
3 0.41640625 0.40625 0.0390625 0.03333333333333333
3 0.83671875 0.28125 0.04375 0.027083333333333334
3 0.9109375 0.25729166666666664 0.0421875 0.03125