1 0.50234375 0.03125 0.0984375 0.0625
1 0.40625 0.296875 0.090625 0.0375
1 0.709375 0.24270833333333333 0.0828125 0.03125
1 0.709375 0.3125 0.084375 0.027083333333333334
1 0.5859375 0.45 0.046875 0.05
1 0.65 0.44479166666666664 0.05625 0.05
1 0.4953125 0.6572916666666667 0.0640625 0.03958333333333333
1 0.421875 0.446875 0.0734375 0.058333333333333334
0 0.50625 0.16145833333333334 0.121875 0.10416666666666667
0 0.5078125 0.3 0.11875 0.09583333333333334
3 0.21640625 0.375 0.053125 0.027083333333333334
3 0.33984375 0.37604166666666666 0.0546875 0.029166666666666667
3 0.765625 0.38229166666666664 0.0546875 0.022916666666666665
3 0.84140625 0.38125 0.05 0.029166666666666667
5 0.27421875 0.3260416666666667 0.065625 0.08541666666666667
5 0.8046875 0.3416666666666667 0.053125 0.075
4 0.44140625 0.38125 0.0421875 0.06875
4 0.62109375 0.38229166666666664 0.0890625 0.07916666666666666
2 0.23828125 0.20833333333333334 0.14375 0.11875