1 0.58984375 0.046875 0.0875 0.08541666666666667
1 0.8046875 0.19895833333333332 0.078125 0.04791666666666667
1 0.8078125 0.26458333333333334 0.0765625 0.04791666666666667
1 0.51328125 0.309375 0.0765625 0.05
1 0.5359375 0.446875 0.06875 0.0625
1 0.696875 0.42291666666666666 0.053125 0.05416666666666667
1 0.75703125 0.4041666666666667 0.0609375 0.058333333333333334
4 0.54921875 0.3875 0.0421875 0.07083333333333333
4 0.7234375 0.3614583333333333 0.0765625 0.08333333333333333
2 0.3640625 0.271875 0.1125 0.12291666666666666
5 0.4 0.365625 0.0625 0.09166666666666666
5 0.9109375 0.275 0.0578125 0.08333333333333333
3 0.35390625 0.4125 0.046875 0.027083333333333334
3 0.4546875 0.39375 0.0453125 0.03333333333333333
3 0.87109375 0.31979166666666664 0.0484375 0.025
3 0.94609375 0.30416666666666664 0.05 0.03333333333333333
1 0.61875 0.6447916666666667 0.059375 0.05416666666666667
0 0.59921875 0.16979166666666667 0.11875 0.1125
0 0.61171875 0.29583333333333334 0.11875 0.11041666666666666