1 0.33203125 0.3729166666666667 0.1 0.06041666666666667
1 0.41015625 0.08541666666666667 0.1046875 0.1
1 0.63359375 0.22291666666666668 0.084375 0.05
1 0.6453125 0.29270833333333335 0.0828125 0.05
1 0.55546875 0.46145833333333336 0.0515625 0.058333333333333334
1 0.61328125 0.4395833333333333 0.0609375 0.06041666666666667
1 0.38359375 0.509375 0.071875 0.075
1 0.5 0.6947916666666667 0.0625 0.05416666666666667
0 0.42890625 0.2125 0.13125 0.12916666666666668
0 0.45625 0.3416666666666667 0.1265625 0.125
3 0.15703125 0.5072916666666667 0.0546875 0.041666666666666664
3 0.271875 0.475 0.046875 0.041666666666666664
3 0.7171875 0.34375 0.0515625 0.041666666666666664
3 0.8 0.31875 0.0625 0.04791666666666667
5 0.20859375 0.4427083333333333 0.08125 0.10625
5 0.7484375 0.28854166666666664 0.0671875 0.0875
4 0.38671875 0.446875 0.065625 0.08958333333333333
4 0.57265625 0.38958333333333334 0.0890625 0.10833333333333334
2 0.196875 0.328125 0.146875 0.16458333333333333