1 0.52421875 0.678125 0.05390625 0.041666666666666664
1 0.45078125 0.459375 0.06953125 0.053125
1 0.621875 0.465625 0.0484375 0.042708333333333334
1 0.68203125 0.46041666666666664 0.04609375 0.046875
1 0.4421875 0.30833333333333335 0.08984375 0.03125
1 0.7484375 0.25833333333333336 0.07890625 0.020833333333333332
1 0.74765625 0.32916666666666666 0.0734375 0.027083333333333334
1 0.55 0.053125 0.0875 0.06770833333333333
0 0.54921875 0.18229166666666666 0.10703125 0.09479166666666666
0 0.55078125 0.31666666666666665 0.10625 0.08541666666666667
3 0.24765625 0.38125 0.04140625 0.027083333333333334
3 0.36640625 0.384375 0.034375 0.027083333333333334
3 0.8125 0.4 0.04296875 0.022916666666666665
3 0.88984375 0.40208333333333335 0.03984375 0.021875
4 0.47421875 0.39479166666666665 0.03984375 0.06458333333333334
4 0.6546875 0.39791666666666664 0.0796875 0.07291666666666667
2 0.28359375 0.228125 0.1078125 0.10104166666666667
5 0.30703125 0.33541666666666664 0.0671875 0.08645833333333333
5 0.84921875 0.3614583333333333 0.05234375 0.07395833333333333