1 0.4890625 0.05 0.084375 0.08125
1 0.66796875 0.22083333333333333 0.0703125 0.04375
1 0.6671875 0.28541666666666665 0.06875 0.03958333333333333
1 0.37265625 0.31666666666666665 0.075 0.04583333333333333
1 0.4859375 0.6375 0.0515625 0.04375
1 0.396875 0.4479166666666667 0.0640625 0.06041666666666667
1 0.5734375 0.43020833333333336 0.05 0.05
1 0.62265625 0.41875 0.0578125 0.05416666666666667
5 0.76875 0.3020833333333333 0.0546875 0.07708333333333334
5 0.25390625 0.3614583333333333 0.05625 0.08333333333333333
2 0.2640625 0.259375 0.10625 0.11875
3 0.203125 0.4083333333333333 0.0484375 0.029166666666666667
3 0.30625 0.396875 0.0484375 0.029166666666666667
3 0.72734375 0.34479166666666666 0.053125 0.029166666666666667
3 0.80625 0.3333333333333333 0.046875 0.027083333333333334
4 0.59609375 0.371875 0.0734375 0.075
4 0.4140625 0.39479166666666665 0.0640625 0.07916666666666666
0 0.490625 0.175 0.1125 0.10416666666666667
0 0.49296875 0.30104166666666665 0.1109375 0.10416666666666667