1 0.5 0.1625 0.078125 0.06875
0 0.4984375 0.27708333333333335 0.103125 0.09375
0 0.496875 0.3958333333333333 0.10625 0.09375
1 0.671875 0.32916666666666666 0.0703125 0.035416666666666666
1 0.6703125 0.39166666666666666 0.065625 0.035416666666666666
1 0.4765625 0.7364583333333333 0.0546875 0.04791666666666667
1 0.39375 0.5333333333333333 0.075 0.06041666666666667
1 0.5703125 0.525 0.05 0.05
1 0.621875 0.5177083333333333 0.0578125 0.052083333333333336
4 0.596875 0.46979166666666666 0.0703125 0.06875
4 0.4125 0.48125 0.059375 0.07291666666666667
2 0.275 0.33958333333333335 0.1046875 0.10833333333333334
5 0.26328125 0.4427083333333333 0.053125 0.08333333333333333
5 0.77109375 0.41354166666666664 0.053125 0.075
3 0.20625 0.48541666666666666 0.0484375 0.027083333333333334
3 0.3109375 0.478125 0.0546875 0.029166666666666667
3 0.73125 0.45208333333333334 0.0515625 0.025
3 0.8109375 0.44583333333333336 0.046875 0.022916666666666665