1 0.43515625 0.06458333333333334 0.0921875 0.09583333333333334
1 0.3640625 0.35104166666666664 0.0796875 0.052083333333333336
1 0.66328125 0.20833333333333334 0.08125 0.04583333333333333
1 0.675 0.27395833333333336 0.078125 0.04791666666666667
1 0.5828125 0.4427083333333333 0.0484375 0.05625
1 0.64375 0.4197916666666667 0.0578125 0.058333333333333334
1 0.4203125 0.48854166666666665 0.0640625 0.07083333333333333
1 0.528125 0.68125 0.059375 0.05625
0 0.4546875 0.19166666666666668 0.121875 0.12291666666666666
0 0.4828125 0.321875 0.1265625 0.125
3 0.1953125 0.48333333333333334 0.05625 0.04375
3 0.309375 0.45 0.05 0.0375
3 0.74765625 0.325 0.0484375 0.03958333333333333
3 0.82734375 0.303125 0.053125 0.03958333333333333
5 0.24140625 0.41875 0.0734375 0.09791666666666667
5 0.78515625 0.2708333333333333 0.071875 0.08541666666666667
2 0.2125 0.31875 0.1296875 0.13958333333333334
4 0.421875 0.42291666666666666 0.0546875 0.07708333333333334
4 0.6078125 0.3729166666666667 0.09375 0.09375