1 0.446875 0.46875 0.0734375 0.05
1 0.61875 0.475 0.046875 0.041666666666666664
1 0.68125 0.46875 0.053125 0.05
1 0.52421875 0.6916666666666667 0.0578125 0.04583333333333333
1 0.43359375 0.31875 0.0859375 0.03333333333333333
1 0.7390625 0.3385416666666667 0.071875 0.027083333333333334
1 0.7390625 0.26979166666666665 0.071875 0.029166666666666667
1 0.54140625 0.06666666666666667 0.0875 0.07083333333333333
0 0.5375 0.19479166666666667 0.10625 0.08958333333333333
0 0.54296875 0.3260416666666667 0.10625 0.08125
5 0.30390625 0.34791666666666665 0.0609375 0.0875
5 0.840625 0.37083333333333335 0.05 0.06666666666666667
3 0.24609375 0.3927083333333333 0.0328125 0.025
3 0.36484375 0.396875 0.0375 0.020833333333333332
3 0.80390625 0.409375 0.0375 0.020833333333333332
3 0.87890625 0.4083333333333333 0.0421875 0.025
2 0.28046875 0.24375 0.1125 0.10416666666666667
4 0.4703125 0.40520833333333334 0.0375 0.06666666666666667
4 0.6484375 0.41354166666666664 0.078125 0.06666666666666667