1 0.5140625 0.0375 0.09375 0.07083333333333333
1 0.7171875 0.24791666666666667 0.0859375 0.025
1 0.71484375 0.31875 0.0828125 0.029166666666666667
1 0.3953125 0.30104166666666665 0.096875 0.0375
1 0.41328125 0.453125 0.08125 0.05416666666666667
1 0.59453125 0.459375 0.04375 0.04791666666666667
1 0.653125 0.453125 0.053125 0.05416666666666667
1 0.5015625 0.6697916666666667 0.065625 0.03333333333333333
0 0.51328125 0.171875 0.121875 0.1
0 0.5140625 0.31145833333333334 0.11875 0.09583333333333334
3 0.2046875 0.38125 0.053125 0.029166666666666667
3 0.3234375 0.38229166666666664 0.0484375 0.027083333333333334
3 0.77578125 0.39479166666666665 0.053125 0.025
3 0.8578125 0.3927083333333333 0.046875 0.025
5 0.2640625 0.334375 0.0625 0.09166666666666666
5 0.8234375 0.3572916666666667 0.0609375 0.07916666666666666
4 0.43828125 0.390625 0.053125 0.06458333333333334
4 0.621875 0.3927083333333333 0.0796875 0.075
2 0.26015625 0.22604166666666667 0.1375 0.1125