1 0.68125 0.10104166666666667 0.0875 0.08333333333333333
1 0.853125 0.328125 0.084375 0.041666666666666664
1 0.840625 0.38958333333333334 0.0703125 0.035416666666666666
1 0.5484375 0.3177083333333333 0.0734375 0.041666666666666664
1 0.53984375 0.46041666666666664 0.06875 0.06041666666666667
1 0.703125 0.5020833333333333 0.0546875 0.052083333333333336
1 0.76328125 0.5072916666666667 0.0609375 0.05625
1 0.57734375 0.6791666666666667 0.0484375 0.04375
5 0.93671875 0.44166666666666665 0.053125 0.075
5 0.428125 0.3260416666666667 0.05625 0.08333333333333333
2 0.41953125 0.228125 0.1109375 0.10833333333333334
3 0.3734375 0.35520833333333335 0.04375 0.027083333333333334
3 0.47421875 0.378125 0.0484375 0.027083333333333334
3 0.89140625 0.4708333333333333 0.0515625 0.027083333333333334
3 0.96875 0.4864583333333333 0.0609375 0.029166666666666667
0 0.64765625 0.3458333333333333 0.109375 0.09791666666666667
0 0.6625 0.22083333333333333 0.115625 0.10416666666666667
4 0.5515625 0.409375 0.0734375 0.07708333333333334
4 0.740625 0.45208333333333334 0.078125 0.075