1 0.484375 0.16354166666666667 0.08125 0.07708333333333334
1 0.665625 0.31666666666666665 0.071875 0.04375
1 0.6671875 0.37604166666666666 0.06875 0.03958333333333333
1 0.378125 0.415625 0.075 0.04583333333333333
1 0.39609375 0.5427083333333333 0.0734375 0.06458333333333334
1 0.57421875 0.51875 0.0546875 0.052083333333333336
1 0.62265625 0.50625 0.0609375 0.058333333333333334
4 0.4125 0.4895833333333333 0.0671875 0.08125
4 0.596875 0.4625 0.0734375 0.07916666666666666
0 0.48828125 0.2760416666666667 0.10625 0.1
0 0.49296875 0.3958333333333333 0.1109375 0.10208333333333333
2 0.26796875 0.36041666666666666 0.10625 0.11666666666666667
5 0.2625 0.4625 0.053125 0.07916666666666666
5 0.76796875 0.3885416666666667 0.0546875 0.075
3 0.2078125 0.5125 0.04375 0.029166666666666667
3 0.31171875 0.49583333333333335 0.04375 0.027083333333333334
3 0.73046875 0.43125 0.05 0.03125
3 0.80703125 0.41875 0.0453125 0.029166666666666667
1 0.48984375 0.7385416666666667 0.0578125 0.05