1 0.53125 0.109375 0.075 0.06458333333333334
1 0.675 0.309375 0.065625 0.029166666666666667
1 0.665625 0.3697916666666667 0.065625 0.025
1 0.3796875 0.334375 0.071875 0.03333333333333333
1 0.6015625 0.484375 0.05 0.04583333333333333
1 0.5515625 0.48333333333333334 0.04375 0.041666666666666664
1 0.37890625 0.4635416666666667 0.0625 0.04583333333333333
1 0.43515625 0.6729166666666667 0.05 0.0375
5 0.25703125 0.3489583333333333 0.0484375 0.07291666666666667
5 0.7609375 0.41041666666666665 0.04375 0.06666666666666667
4 0.40625 0.41458333333333336 0.05625 0.06666666666666667
4 0.58671875 0.4354166666666667 0.0625 0.0625
0 0.51484375 0.225 0.096875 0.08333333333333333
0 0.4984375 0.34375 0.0984375 0.07916666666666666
2 0.28125 0.2520833333333333 0.09375 0.09583333333333334
3 0.196875 0.38333333333333336 0.0296875 0.020833333333333332
3 0.30078125 0.39479166666666665 0.0296875 0.020833333333333332
3 0.7140625 0.4395833333333333 0.028125 0.01875
3 0.78984375 0.446875 0.025 0.016666666666666666