1 0.4671875 0.07083333333333333 0.09375 0.07708333333333334
1 0.33984375 0.33125 0.090625 0.0375
1 0.66484375 0.334375 0.0828125 0.03333333333333333
1 0.3671875 0.48020833333333335 0.075 0.06041666666666667
1 0.546875 0.478125 0.046875 0.05
1 0.60546875 0.471875 0.0515625 0.052083333333333336
1 0.66015625 0.2677083333333333 0.071875 0.03333333333333333
1 0.45546875 0.69375 0.059375 0.03958333333333333
0 0.4640625 0.19895833333333332 0.1140625 0.10208333333333333
0 0.46875 0.334375 0.1125 0.09791666666666667
3 0.15 0.4166666666666667 0.05625 0.029166666666666667
3 0.2703125 0.41458333333333336 0.0515625 0.029166666666666667
3 0.7234375 0.40520833333333334 0.0609375 0.029166666666666667
3 0.80703125 0.4 0.0484375 0.027083333333333334
5 0.2078125 0.37083333333333335 0.0609375 0.08958333333333333
5 0.76640625 0.3625 0.0625 0.07916666666666666
4 0.38359375 0.4197916666666667 0.0640625 0.07916666666666666
4 0.5765625 0.4166666666666667 0.0734375 0.08125
2 0.22265625 0.259375 0.1328125 0.12083333333333333