1 0.5234375 0.051041666666666666 0.090625 0.07708333333333334
1 0.42421875 0.31354166666666666 0.0921875 0.041666666666666664
1 0.734375 0.23541666666666666 0.0890625 0.03958333333333333
1 0.73671875 0.30625 0.084375 0.035416666666666666
1 0.44765625 0.465625 0.0796875 0.058333333333333334
1 0.6171875 0.4552083333333333 0.046875 0.04791666666666667
1 0.6796875 0.446875 0.0515625 0.05625
1 0.5359375 0.6760416666666667 0.0703125 0.04791666666666667
0 0.5296875 0.184375 0.121875 0.10833333333333334
0 0.5375 0.31354166666666666 0.11875 0.09791666666666667
3 0.24453125 0.40729166666666666 0.05 0.03333333333333333
3 0.36328125 0.4010416666666667 0.046875 0.03125
3 0.80078125 0.371875 0.053125 0.03125
3 0.878125 0.36770833333333336 0.0453125 0.03125
5 0.29921875 0.35833333333333334 0.0609375 0.09583333333333334
5 0.8390625 0.33541666666666664 0.0640625 0.09166666666666666
4 0.4640625 0.4 0.0390625 0.07291666666666667
4 0.6484375 0.3885416666666667 0.0796875 0.09166666666666666
2 0.26953125 0.2520833333333333 0.125 0.12291666666666666