1 0.42578125 0.325 0.090625 0.041666666666666664
1 0.74140625 0.27291666666666664 0.0921875 0.029166666666666667
1 0.7375 0.34791666666666665 0.0765625 0.03333333333333333
1 0.61328125 0.48333333333333334 0.046875 0.052083333333333336
1 0.6734375 0.4791666666666667 0.053125 0.05625
1 0.440625 0.48333333333333334 0.0640625 0.06041666666666667
1 0.5578125 0.07291666666666667 0.0875 0.07291666666666667
1 0.50390625 0.6958333333333333 0.0625 0.035416666666666666
0 0.5484375 0.20208333333333334 0.1109375 0.09583333333333334
0 0.540625 0.33645833333333336 0.1140625 0.09375
3 0.23203125 0.403125 0.05 0.029166666666666667
3 0.35 0.4083333333333333 0.04375 0.027083333333333334
3 0.8015625 0.42083333333333334 0.05 0.03125
3 0.8796875 0.42291666666666666 0.0484375 0.029166666666666667
5 0.2953125 0.3541666666666667 0.0625 0.08541666666666667
5 0.83984375 0.38125 0.0546875 0.075
2 0.290625 0.246875 0.13125 0.12083333333333333
4 0.46015625 0.415625 0.046875 0.07083333333333333
4 0.6484375 0.4239583333333333 0.0875 0.07083333333333333