1 0.59609375 0.03854166666666667 0.090625 0.07083333333333333
1 0.8171875 0.2635416666666667 0.0796875 0.03958333333333333
1 0.821875 0.33541666666666664 0.08125 0.0375
1 0.509375 0.30416666666666664 0.0890625 0.041666666666666664
1 0.68828125 0.47291666666666665 0.05625 0.05
1 0.7546875 0.4708333333333333 0.0609375 0.05416666666666667
1 0.515625 0.459375 0.0765625 0.058333333333333334
1 0.58671875 0.6854166666666667 0.0546875 0.04583333333333333
0 0.59921875 0.17083333333333334 0.1234375 0.10208333333333333
0 0.60625 0.3145833333333333 0.1171875 0.10208333333333333
5 0.3765625 0.33125 0.0625 0.08958333333333333
5 0.9203125 0.3729166666666667 0.0515625 0.07708333333333334
2 0.3265625 0.21458333333333332 0.134375 0.12083333333333333
3 0.31875 0.3770833333333333 0.0421875 0.027083333333333334
3 0.440625 0.384375 0.0421875 0.029166666666666667
3 0.8828125 0.4125 0.0390625 0.020833333333333332
3 0.9609375 0.41875 0.0375 0.022916666666666665
4 0.7140625 0.41354166666666664 0.075 0.07708333333333334
4 0.51875 0.4010416666666667 0.0640625 0.08125