1 0.434375 0.041666666666666664 0.10625 0.08333333333333333
1 0.37109375 0.321875 0.0953125 0.052083333333333336
1 0.6703125 0.20416666666666666 0.0875 0.04583333333333333
1 0.68203125 0.275 0.0921875 0.04791666666666667
1 0.41171875 0.46875 0.0796875 0.07083333333333333
1 0.57578125 0.4354166666666667 0.053125 0.058333333333333334
1 0.6359375 0.41875 0.059375 0.06041666666666667
1 0.51640625 0.6625 0.065625 0.052083333333333336
0 0.45703125 0.16875 0.128125 0.12708333333333333
0 0.47890625 0.3072916666666667 0.1265625 0.11458333333333333
5 0.24453125 0.37916666666666665 0.0734375 0.09791666666666667
5 0.77890625 0.284375 0.0578125 0.08125
3 0.19296875 0.44166666666666665 0.053125 0.035416666666666666
3 0.31640625 0.415625 0.059375 0.03958333333333333
3 0.746875 0.33229166666666665 0.04375 0.03333333333333333
3 0.821875 0.315625 0.05 0.035416666666666666
4 0.42109375 0.4010416666666667 0.05 0.075
4 0.59609375 0.3645833333333333 0.0875 0.09166666666666666
2 0.19375 0.2708333333333333 0.1375 0.13333333333333333