1 0.590625 0.0625 0.0859375 0.07916666666666666
1 0.73515625 0.296875 0.0734375 0.04375
1 0.721875 0.36041666666666666 0.06875 0.041666666666666664
1 0.43046875 0.278125 0.0765625 0.052083333333333336
1 0.42421875 0.4166666666666667 0.0671875 0.05625
1 0.596875 0.46458333333333335 0.0515625 0.05
1 0.6484375 0.4708333333333333 0.0578125 0.05416666666666667
1 0.475 0.6333333333333333 0.0515625 0.041666666666666664
0 0.56796875 0.184375 0.1109375 0.10625
0 0.54765625 0.309375 0.1109375 0.10208333333333333
2 0.33125 0.184375 0.109375 0.11875
5 0.81640625 0.415625 0.0546875 0.07916666666666666
5 0.30703125 0.28020833333333334 0.059375 0.0875
3 0.24609375 0.30520833333333336 0.0453125 0.027083333333333334
3 0.35234375 0.33229166666666665 0.046875 0.029166666666666667
3 0.7671875 0.440625 0.0453125 0.025
3 0.84609375 0.459375 0.040625 0.025
4 0.63203125 0.41875 0.075 0.07708333333333334
4 0.45234375 0.3697916666666667 0.0578125 0.07916666666666666