1 0.62265625 0.09270833333333334 0.0765625 0.065625
1 0.8359375 0.2708333333333333 0.071875 0.034375
1 0.84140625 0.33541666666666664 0.0703125 0.034375
1 0.546875 0.33229166666666665 0.07109375 0.03333333333333333
1 0.559375 0.471875 0.07265625 0.052083333333333336
1 0.72421875 0.47291666666666665 0.0515625 0.04375
1 0.790625 0.46875 0.0578125 0.053125
1 0.64140625 0.6822916666666666 0.05625 0.03958333333333333
0 0.62890625 0.21145833333333333 0.10859375 0.08854166666666667
0 0.63828125 0.334375 0.10703125 0.084375
4 0.74921875 0.41770833333333335 0.071875 0.07083333333333333
4 0.5609375 0.4166666666666667 0.06015625 0.06666666666666667
2 0.3921875 0.271875 0.10703125 0.09583333333333334
5 0.43359375 0.36666666666666664 0.04921875 0.078125
5 0.9453125 0.36354166666666665 0.05234375 0.07083333333333333
3 0.38671875 0.4083333333333333 0.0453125 0.01875
3 0.48828125 0.40729166666666666 0.0453125 0.016666666666666666
3 0.91015625 0.4 0.0453125 0.017708333333333333
3 0.9828125 0.39895833333333336 0.034375 0.01875