1 0.4390625 0.08645833333333333 0.096875 0.09166666666666666
1 0.33046875 0.34791666666666665 0.090625 0.04375
1 0.6390625 0.2552083333333333 0.0890625 0.03958333333333333
1 0.64296875 0.32395833333333335 0.0796875 0.0375
1 0.3609375 0.490625 0.0828125 0.06875
1 0.53828125 0.47291666666666665 0.046875 0.05416666666666667
1 0.596875 0.46041666666666664 0.059375 0.05625
1 0.4625 0.6947916666666667 0.06875 0.04791666666666667
0 0.4453125 0.21145833333333333 0.125 0.11458333333333333
0 0.453125 0.33958333333333335 0.1140625 0.10625
3 0.14921875 0.446875 0.0515625 0.03333333333333333
3 0.265625 0.434375 0.046875 0.03125
3 0.70625 0.3854166666666667 0.0421875 0.027083333333333334
3 0.78671875 0.37395833333333334 0.0578125 0.029166666666666667
5 0.20234375 0.3958333333333333 0.0625 0.09375
5 0.74765625 0.33645833333333336 0.05625 0.08125
4 0.38046875 0.4239583333333333 0.0609375 0.075
4 0.56640625 0.40729166666666666 0.0765625 0.08125
2 0.2 0.29270833333333335 0.1265625 0.12708333333333333