0 0.55546875 0.15 0.1140625 0.09583333333333334
0 0.5484375 0.290625 0.11796875 0.09375
1 0.4375 0.27708333333333335 0.08125 0.036458333333333336
1 0.5625 0.025 0.090625 0.05
1 0.76171875 0.23541666666666666 0.0734375 0.030208333333333334
1 0.75625 0.30833333333333335 0.07109375 0.028125
1 0.684375 0.44479166666666664 0.05078125 0.04895833333333333
1 0.62421875 0.4479166666666667 0.05 0.051041666666666666
1 0.440625 0.4322916666666667 0.0734375 0.053125
1 0.50859375 0.6583333333333333 0.0484375 0.040625
5 0.30546875 0.30520833333333336 0.05625 0.08958333333333333
5 0.8609375 0.34791666666666665 0.05 0.078125
3 0.24140625 0.3458333333333333 0.0453125 0.026041666666666668
4 0.46796875 0.375 0.040625 0.07291666666666667
4 0.65625 0.3885416666666667 0.075 0.06875
3 0.81484375 0.384375 0.03828125 0.01875
3 0.896875 0.3885416666666667 0.0359375 0.021875
2 0.28828125 0.19791666666666666 0.12109375 0.12083333333333333
3 0.3609375 0.35520833333333335 0.03984375 0.026041666666666668