1 0.54609375 0.07604166666666666 0.0859375 0.06979166666666667
1 0.740625 0.278125 0.075 0.029166666666666667
1 0.740625 0.346875 0.075 0.026041666666666668
1 0.434375 0.3229166666666667 0.08671875 0.029166666666666667
1 0.446875 0.475 0.065625 0.052083333333333336
1 0.61328125 0.4822916666666667 0.040625 0.04479166666666667
1 0.678125 0.47708333333333336 0.05234375 0.04791666666666667
1 0.51640625 0.6947916666666667 0.05546875 0.03333333333333333
0 0.54453125 0.20208333333333334 0.11171875 0.090625
0 0.54296875 0.334375 0.10703125 0.08541666666666667
3 0.24765625 0.39895833333333336 0.0421875 0.029166666666666667
3 0.3640625 0.40208333333333335 0.040625 0.027083333333333334
3 0.80390625 0.41770833333333335 0.0484375 0.025
3 0.8828125 0.42083333333333334 0.04375 0.022916666666666665
5 0.30625 0.35208333333333336 0.06484375 0.084375
5 0.8421875 0.378125 0.0484375 0.07083333333333333
4 0.46953125 0.41041666666666665 0.040625 0.06145833333333333
4 0.6484375 0.42291666666666666 0.0859375 0.06770833333333333
2 0.2828125 0.246875 0.11171875 0.103125