0 0.4828125 0.13645833333333332 0.1265625 0.12916666666666668
0 0.50078125 0.28020833333333334 0.1265625 0.13125
5 0.25390625 0.375 0.06875 0.10416666666666667
5 0.8140625 0.23020833333333332 0.0640625 0.08958333333333333
2 0.2328125 0.271875 0.1265625 0.14583333333333334
3 0.2 0.4354166666666667 0.0390625 0.03333333333333333
3 0.31875 0.403125 0.0421875 0.035416666666666666
3 0.77421875 0.28125 0.0421875 0.029166666666666667
3 0.85703125 0.25729166666666664 0.040625 0.029166666666666667
4 0.4296875 0.38958333333333334 0.0625 0.09166666666666666
4 0.62109375 0.33958333333333335 0.0875 0.09583333333333334
1 0.4671875 0.023958333333333335 0.09375 0.04791666666666667
1 0.69296875 0.15104166666666666 0.0796875 0.052083333333333336
1 0.703125 0.22604166666666667 0.0765625 0.052083333333333336
1 0.378125 0.303125 0.0890625 0.06458333333333334
1 0.4171875 0.4510416666666667 0.08125 0.07708333333333334
1 0.59921875 0.40625 0.0546875 0.06041666666666667
1 0.65625 0.384375 0.0640625 0.06666666666666667
1 0.52734375 0.6447916666666667 0.0578125 0.052083333333333336