1 0.43203125 0.07395833333333333 0.0984375 0.09583333333333334
1 0.3625 0.3572916666666667 0.0890625 0.05625
1 0.6609375 0.21354166666666666 0.0875 0.05
1 0.67265625 0.278125 0.0875 0.05416666666666667
1 0.58046875 0.44583333333333336 0.0515625 0.05625
1 0.6375 0.428125 0.0578125 0.06041666666666667
1 0.4125 0.5 0.078125 0.07291666666666667
1 0.521875 0.6864583333333333 0.065625 0.05625
0 0.45625 0.19895833333333332 0.125 0.12291666666666666
0 0.4765625 0.32708333333333334 0.121875 0.12291666666666666
2 0.21640625 0.321875 0.134375 0.1375
4 0.4125 0.42916666666666664 0.0546875 0.07708333333333334
4 0.6015625 0.3697916666666667 0.0921875 0.09583333333333334
3 0.1921875 0.4875 0.0546875 0.041666666666666664
3 0.30546875 0.4583333333333333 0.0390625 0.041666666666666664
3 0.7453125 0.3302083333333333 0.053125 0.041666666666666664
3 0.82109375 0.309375 0.059375 0.041666666666666664
5 0.2375 0.42604166666666665 0.0734375 0.10208333333333333
5 0.778125 0.2760416666666667 0.065625 0.08333333333333333