1 0.53671875 0.06666666666666667 0.0875 0.071875
1 0.42890625 0.31979166666666664 0.0953125 0.036458333333333336
1 0.7375 0.2677083333333333 0.0796875 0.030208333333333334
1 0.73828125 0.33958333333333335 0.08125 0.027083333333333334
1 0.61640625 0.475 0.046875 0.04791666666666667
1 0.68359375 0.4708333333333333 0.06328125 0.04895833333333333
1 0.44765625 0.4666666666666667 0.075 0.057291666666666664
1 0.525 0.6875 0.059375 0.040625
0 0.53671875 0.19479166666666667 0.1203125 0.09583333333333334
0 0.5390625 0.32708333333333334 0.1203125 0.09479166666666666
3 0.240625 0.39375 0.05546875 0.029166666666666667
3 0.36328125 0.396875 0.0453125 0.022916666666666665
3 0.803125 0.4083333333333333 0.0453125 0.025
3 0.87734375 0.409375 0.0390625 0.026041666666666668
5 0.30390625 0.35 0.0609375 0.09166666666666666
5 0.84140625 0.371875 0.059375 0.07708333333333334
4 0.4671875 0.40625 0.03515625 0.06979166666666667
4 0.64765625 0.409375 0.08984375 0.090625
2 0.2765625 0.240625 0.11796875 0.11354166666666667