1 0.490625 0.03333333333333333 0.096875 0.06666666666666667
1 0.7515625 0.15 0.0828125 0.058333333333333334
1 0.771875 0.21770833333333334 0.084375 0.05625
1 0.465625 0.309375 0.0921875 0.06458333333333334
1 0.6734375 0.4 0.0609375 0.0625
1 0.73671875 0.3729166666666667 0.0671875 0.06666666666666667
1 0.50625 0.4552083333333333 0.08125 0.07708333333333334
1 0.6234375 0.64375 0.059375 0.058333333333333334
0 0.52265625 0.146875 0.1328125 0.12916666666666668
0 0.5609375 0.28125 0.1265625 0.12708333333333333
5 0.3453125 0.38645833333333335 0.071875 0.10208333333333333
5 0.87421875 0.21458333333333332 0.0609375 0.0875
2 0.271875 0.2947916666666667 0.146875 0.15
3 0.29921875 0.453125 0.04375 0.035416666666666666
3 0.41796875 0.4125 0.0453125 0.03958333333333333
3 0.846875 0.26666666666666666 0.040625 0.03125
3 0.92265625 0.24270833333333333 0.040625 0.03333333333333333
4 0.6859375 0.334375 0.0828125 0.09375
4 0.49609375 0.39791666666666664 0.0734375 0.09375