1 0.58984375 0.05625 0.1 0.09583333333333334
1 0.4296875 0.2625 0.0984375 0.06041666666666667
1 0.7453125 0.309375 0.0875 0.05416666666666667
1 0.73203125 0.3770833333333333 0.09375 0.05625
1 0.58984375 0.48125 0.059375 0.06458333333333334
1 0.6484375 0.490625 0.059375 0.06666666666666667
1 0.4203125 0.41875 0.075 0.07083333333333333
1 0.46171875 0.653125 0.0640625 0.05
0 0.56640625 0.184375 0.1328125 0.13333333333333333
0 0.54375 0.31666666666666665 0.1359375 0.12708333333333333
3 0.23359375 0.28125 0.053125 0.04375
3 0.35 0.3177083333333333 0.065625 0.04375
3 0.77734375 0.465625 0.0515625 0.03958333333333333
3 0.8578125 0.49270833333333336 0.0484375 0.03958333333333333
5 0.30078125 0.253125 0.071875 0.10416666666666667
5 0.82734375 0.4427083333333333 0.06875 0.09583333333333334
2 0.309375 0.15625 0.1421875 0.14375
4 0.453125 0.36354166666666665 0.0625 0.0875
4 0.634375 0.428125 0.09375 0.1