1 0.6296875 0.10208333333333333 0.0921875 0.08958333333333333
1 0.77265625 0.3614583333333333 0.0796875 0.05
1 0.759375 0.428125 0.084375 0.052083333333333336
1 0.45859375 0.30833333333333335 0.096875 0.06458333333333334
1 0.43828125 0.45625 0.0828125 0.07916666666666666
1 0.60234375 0.51875 0.0484375 0.058333333333333334
1 0.66875 0.534375 0.0609375 0.058333333333333334
1 0.46328125 0.6916666666666667 0.0703125 0.058333333333333334
0 0.59765625 0.22604166666666667 0.125 0.12083333333333333
0 0.5671875 0.35520833333333335 0.125 0.12083333333333333
3 0.2515625 0.3177083333333333 0.05625 0.041666666666666664
3 0.36953125 0.359375 0.0484375 0.03958333333333333
3 0.8015625 0.51875 0.0484375 0.03958333333333333
3 0.8734375 0.54375 0.0484375 0.03958333333333333
5 0.3234375 0.29375 0.0703125 0.09791666666666667
5 0.8484375 0.4979166666666667 0.071875 0.1
2 0.33984375 0.18645833333333334 0.13125 0.14375
4 0.475 0.4010416666666667 0.046875 0.07083333333333333
4 0.65234375 0.46770833333333334 0.0875 0.09791666666666667