1 0.575 0.08229166666666667 0.0875 0.08541666666666667
1 0.45078125 0.3104166666666667 0.0921875 0.052083333333333336
1 0.75546875 0.321875 0.08125 0.04375
1 0.75234375 0.3958333333333333 0.0921875 0.052083333333333336
1 0.44765625 0.46041666666666664 0.084375 0.075
1 0.6125 0.5010416666666667 0.0484375 0.05625
1 0.67734375 0.5125 0.06875 0.0625
1 0.503125 0.6958333333333333 0.065625 0.05416666666666667
0 0.5640625 0.21145833333333333 0.1359375 0.12708333333333333
0 0.553125 0.33958333333333335 0.121875 0.11875
3 0.25859375 0.34270833333333334 0.05625 0.03958333333333333
3 0.37578125 0.3729166666666667 0.0484375 0.03333333333333333
3 0.8046875 0.478125 0.0484375 0.03333333333333333
3 0.878125 0.4947916666666667 0.0515625 0.03125
5 0.31953125 0.3125 0.0703125 0.1
5 0.846875 0.44895833333333335 0.06875 0.09166666666666666
4 0.475 0.403125 0.04375 0.07291666666666667
4 0.6515625 0.44583333333333336 0.0859375 0.10416666666666667
2 0.30390625 0.196875 0.14375 0.14583333333333334