1 0.49609375 0.06458333333333334 0.08828125 0.07083333333333333
1 0.3796875 0.325 0.0875 0.03125
1 0.7015625 0.271875 0.08359375 0.026041666666666668
1 0.70078125 0.34270833333333334 0.08203125 0.028125
1 0.58359375 0.48125 0.0515625 0.04895833333333333
1 0.64140625 0.478125 0.0515625 0.05520833333333333
1 0.40625 0.4791666666666667 0.07734375 0.059375
1 0.4890625 0.6927083333333334 0.0609375 0.0375
0 0.496875 0.19791666666666666 0.115625 0.09791666666666667
0 0.5 0.334375 0.1125 0.090625
3 0.19140625 0.40520833333333334 0.05078125 0.027083333333333334
3 0.3125 0.40625 0.03828125 0.027083333333333334
3 0.7640625 0.415625 0.0484375 0.021875
3 0.840625 0.41458333333333336 0.0484375 0.023958333333333335
5 0.24921875 0.3614583333333333 0.06484375 0.0875
5 0.803125 0.37395833333333334 0.05078125 0.08020833333333334
4 0.41953125 0.41354166666666664 0.0453125 0.06979166666666667
4 0.61015625 0.41458333333333336 0.07890625 0.078125
2 0.240625 0.24583333333333332 0.11640625 0.1