1 0.33203125 0.3177083333333333 0.09296875 0.036458333333333336
1 0.46015625 0.06041666666666667 0.08984375 0.07083333333333333
1 0.65703125 0.27291666666666664 0.08359375 0.03125
1 0.65546875 0.34270833333333334 0.078125 0.029166666666666667
1 0.35546875 0.46875 0.065625 0.05625
1 0.5421875 0.48020833333333335 0.05078125 0.051041666666666666
1 0.59375 0.47604166666666664 0.053125 0.051041666666666666
1 0.4421875 0.6916666666666667 0.0609375 0.035416666666666666
0 0.46328125 0.19375 0.115625 0.09791666666666667
0 0.46015625 0.328125 0.11484375 0.09583333333333334
3 0.13203125 0.3927083333333333 0.04921875 0.026041666666666668
3 0.25859375 0.39791666666666664 0.0515625 0.028125
3 0.72109375 0.415625 0.05078125 0.027083333333333334
3 0.796875 0.415625 0.0515625 0.029166666666666667
5 0.19609375 0.34791666666666665 0.06640625 0.090625
5 0.7578125 0.3729166666666667 0.05390625 0.06770833333333333
4 0.37421875 0.40729166666666666 0.05546875 0.06666666666666667
4 0.5703125 0.41458333333333336 0.07578125 0.075
2 0.2015625 0.234375 0.121875 0.10625