1 0.4359375 0.32708333333333334 0.08671875 0.035416666666666666
1 0.74921875 0.35520833333333335 0.0765625 0.026041666666666668
1 0.75703125 0.2833333333333333 0.07890625 0.029166666666666667
1 0.56171875 0.07708333333333334 0.0828125 0.06979166666666667
1 0.45 0.4791666666666667 0.06484375 0.05416666666666667
1 0.621875 0.48854166666666665 0.04453125 0.04895833333333333
1 0.684375 0.4875 0.0484375 0.04375
1 0.515625 0.6979166666666666 0.0515625 0.034375
0 0.55703125 0.20625 0.1 0.0875
0 0.55 0.3385416666666667 0.109375 0.08333333333333333
3 0.24921875 0.39895833333333336 0.03671875 0.029166666666666667
3 0.3640625 0.403125 0.0359375 0.023958333333333335
3 0.8109375 0.42916666666666664 0.040625 0.021875
3 0.88984375 0.43020833333333336 0.04375 0.026041666666666668
4 0.471875 0.4114583333333333 0.04609375 0.06041666666666667
4 0.65625 0.42916666666666664 0.07890625 0.06770833333333333
5 0.309375 0.35520833333333335 0.0609375 0.0875
5 0.85 0.38645833333333335 0.059375 0.071875
2 0.3 0.24895833333333334 0.1234375 0.09791666666666667