0 0.54375 0.11041666666666666 0.1296875 0.13125
0 0.509375 0.25104166666666666 0.1328125 0.13125
1 0.721875 0.259375 0.0875 0.052083333333333336
1 0.69921875 0.32916666666666666 0.078125 0.052083333333333336
5 0.22734375 0.16875 0.0703125 0.10208333333333333
5 0.7984375 0.40208333333333335 0.0640625 0.09166666666666666
2 0.2765625 0.07395833333333333 0.134375 0.14791666666666667
3 0.1546875 0.19270833333333334 0.0609375 0.03958333333333333
3 0.27578125 0.23958333333333334 0.0515625 0.03958333333333333
3 0.74140625 0.42604166666666665 0.05 0.035416666666666666
3 0.82109375 0.45416666666666666 0.046875 0.0375
4 0.5953125 0.384375 0.0890625 0.09583333333333334
4 0.39140625 0.303125 0.0828125 0.10208333333333333
1 0.37421875 0.190625 0.084375 0.0625
1 0.3703125 0.35625 0.1 0.08958333333333333
1 0.5578125 0.4322916666666667 0.0625 0.06041666666666667
1 0.609375 0.44479166666666664 0.0671875 0.06875
1 0.40625 0.6010416666666667 0.059375 0.05625