0 0.5171875 0.27708333333333335 0.1265625 0.12291666666666666
0 0.49375 0.1375 0.13125 0.12708333333333333
1 0.48125 0.022916666666666665 0.090625 0.04583333333333333
2 0.2390625 0.25729166666666664 0.1296875 0.14375
5 0.2796875 0.3625 0.0671875 0.10625
5 0.828125 0.246875 0.059375 0.08958333333333333
1 0.71328125 0.16354166666666667 0.08125 0.05
1 0.72265625 0.2375 0.0734375 0.04583333333333333
1 0.54609375 0.640625 0.05625 0.05
1 0.61953125 0.4083333333333333 0.0625 0.06041666666666667
1 0.678125 0.38958333333333334 0.0671875 0.06458333333333334
1 0.4375 0.44479166666666664 0.0859375 0.07916666666666666
3 0.228125 0.4197916666666667 0.05625 0.03958333333333333
3 0.34609375 0.39375 0.0453125 0.03333333333333333
3 0.79375 0.29583333333333334 0.0453125 0.029166666666666667
3 0.87421875 0.27708333333333335 0.0484375 0.03125
4 0.6390625 0.34375 0.0828125 0.08958333333333333
4 0.4546875 0.38333333333333336 0.05 0.0875
1 0.4078125 0.296875 0.084375 0.05625