1 0.43359375 0.328125 0.0875 0.0375
1 0.74765625 0.3489583333333333 0.0765625 0.027083333333333334
1 0.75390625 0.27708333333333335 0.0796875 0.03125
1 0.55625 0.07604166666666666 0.084375 0.07083333333333333
1 0.45 0.48020833333333335 0.065625 0.05625
1 0.621875 0.48541666666666666 0.0453125 0.05
1 0.684375 0.48333333333333334 0.0484375 0.04583333333333333
1 0.51796875 0.6979166666666666 0.0515625 0.035416666666666666
0 0.553125 0.20520833333333333 0.1015625 0.08958333333333333
0 0.54765625 0.3375 0.1109375 0.08541666666666667
3 0.24765625 0.40520833333333334 0.0375 0.029166666666666667
3 0.3625 0.40625 0.0359375 0.025
3 0.81015625 0.421875 0.040625 0.022916666666666665
3 0.8890625 0.42083333333333334 0.04375 0.027083333333333334
4 0.47109375 0.4125 0.046875 0.0625
4 0.65546875 0.42604166666666665 0.0796875 0.06875
5 0.3078125 0.359375 0.0625 0.08958333333333333
5 0.8484375 0.378125 0.0609375 0.07291666666666667
2 0.296875 0.25416666666666665 0.125 0.1