1 0.73203125 0.12083333333333333 0.09375 0.09583333333333334
1 0.853125 0.38125 0.08125 0.058333333333333334
1 0.828125 0.4375 0.0734375 0.05
1 0.54609375 0.30625 0.0734375 0.05
1 0.6734375 0.515625 0.05625 0.058333333333333334
1 0.72890625 0.534375 0.0609375 0.0625
1 0.51171875 0.4395833333333333 0.0703125 0.06875
1 0.51796875 0.659375 0.0546875 0.052083333333333336
0 0.68984375 0.2375 0.11875 0.12291666666666666
0 0.6453125 0.3541666666666667 0.1265625 0.12083333333333333
4 0.721875 0.478125 0.08125 0.08958333333333333
4 0.54609375 0.39791666666666664 0.0609375 0.08333333333333333
5 0.4234375 0.2875 0.0625 0.09166666666666666
5 0.91953125 0.5114583333333333 0.059375 0.08541666666666667
2 0.44375 0.19166666666666668 0.1078125 0.12708333333333333
3 0.36015625 0.30104166666666665 0.0515625 0.041666666666666664
3 0.45703125 0.34479166666666666 0.05 0.03958333333333333
3 0.8625 0.5260416666666666 0.0484375 0.035416666666666666
3 0.93984375 0.5604166666666667 0.05 0.035416666666666666