1 0.49609375 0.035416666666666666 0.08984375 0.06979166666666667
1 0.69453125 0.25 0.08984375 0.026041666666666668
1 0.6984375 0.31979166666666664 0.08515625 0.026041666666666668
1 0.3859375 0.29375 0.1015625 0.035416666666666666
1 0.3984375 0.44895833333333335 0.0953125 0.06979166666666667
1 0.5703125 0.45416666666666666 0.0453125 0.04895833333333333
1 0.63515625 0.4510416666666667 0.06171875 0.05
1 0.47421875 0.6625 0.059375 0.04375
0 0.5 0.16770833333333332 0.1125 0.1
0 0.49609375 0.303125 0.1140625 0.09583333333333334
3 0.18984375 0.371875 0.053125 0.027083333333333334
3 0.3125 0.375 0.0453125 0.026041666666666668
3 0.7546875 0.3927083333333333 0.0453125 0.023958333333333335
3 0.82734375 0.390625 0.04140625 0.029166666666666667
5 0.24765625 0.32708333333333334 0.06171875 0.09375
5 0.79375 0.35520833333333335 0.053125 0.078125
4 0.41953125 0.38229166666666664 0.034375 0.06979166666666667
4 0.60390625 0.39166666666666666 0.07890625 0.09270833333333334
2 0.2296875 0.21041666666666667 0.128125 0.12291666666666666