0 0.4625 0.10625 0.121875 0.09791666666666667
0 0.45625 0.253125 0.1171875 0.09583333333333334
4 0.5671875 0.3572916666666667 0.0734375 0.07083333333333333
4 0.35546875 0.3416666666666667 0.06484375 0.07708333333333334
2 0.20234375 0.15416666666666667 0.11796875 0.11770833333333333
5 0.16796875 0.265625 0.059375 0.09166666666666666
3 0.10078125 0.309375 0.04921875 0.023958333333333335
3 0.228125 0.31666666666666665 0.05625 0.028125
3 0.7140625 0.35208333333333336 0.053125 0.021875
3 0.803125 0.3541666666666667 0.04765625 0.021875
5 0.76484375 0.3125 0.05 0.078125
1 0.6625 0.19479166666666667 0.0859375 0.03125
1 0.31015625 0.23958333333333334 0.0859375 0.040625
1 0.653125 0.271875 0.0734375 0.03125
1 0.3375 0.39895833333333336 0.0953125 0.05625
1 0.53515625 0.415625 0.06015625 0.046875
1 0.58671875 0.41458333333333336 0.06015625 0.05
1 0.42265625 0.6260416666666667 0.059375 0.041666666666666664