1 0.58671875 0.084375 0.096875 0.09166666666666666
1 0.759375 0.33229166666666665 0.0828125 0.04375
1 0.74921875 0.403125 0.0828125 0.05
1 0.45234375 0.3072916666666667 0.090625 0.05416666666666667
1 0.446875 0.459375 0.0796875 0.07291666666666667
1 0.61171875 0.5041666666666667 0.0546875 0.058333333333333334
1 0.67734375 0.5197916666666667 0.0640625 0.06666666666666667
1 0.4953125 0.690625 0.065625 0.05625
0 0.571875 0.21041666666666667 0.1296875 0.12083333333333333
0 0.5578125 0.3416666666666667 0.13125 0.12083333333333333
3 0.259375 0.3333333333333333 0.0578125 0.04375
3 0.3765625 0.365625 0.0515625 0.0375
3 0.8015625 0.4864583333333333 0.0484375 0.0375
3 0.87578125 0.50625 0.053125 0.035416666666666666
5 0.321875 0.3072916666666667 0.0734375 0.10416666666666667
5 0.84453125 0.46041666666666664 0.0640625 0.09166666666666666
4 0.4765625 0.4041666666666667 0.046875 0.075
4 0.6515625 0.4510416666666667 0.0890625 0.1
2 0.31015625 0.19375 0.1375 0.13125