1 0.50859375 0.03125 0.09765625 0.0625
1 0.40859375 0.2947916666666667 0.08984375 0.035416666666666666
1 0.7125 0.24791666666666667 0.08203125 0.029166666666666667
1 0.71171875 0.3177083333333333 0.08359375 0.026041666666666668
1 0.58671875 0.45208333333333334 0.046875 0.04791666666666667
1 0.65078125 0.4479166666666667 0.05546875 0.04895833333333333
1 0.49296875 0.6572916666666667 0.06328125 0.03854166666666667
1 0.42265625 0.44479166666666664 0.0734375 0.05625
0 0.5109375 0.16145833333333334 0.1203125 0.10208333333333333
0 0.51015625 0.3 0.11796875 0.09375
3 0.21796875 0.36875 0.053125 0.025
3 0.34140625 0.371875 0.0546875 0.027083333333333334
3 0.7671875 0.3885416666666667 0.0546875 0.021875
3 0.84296875 0.38958333333333334 0.04921875 0.027083333333333334
5 0.2765625 0.32083333333333336 0.06484375 0.084375
5 0.80703125 0.3489583333333333 0.0515625 0.07395833333333333
4 0.44296875 0.3802083333333333 0.04140625 0.06875
4 0.62265625 0.3854166666666667 0.0875 0.078125
2 0.2421875 0.20208333333333334 0.1421875 0.11458333333333333