1 0.64375 0.075 0.08203125 0.06979166666666667
1 0.83515625 0.271875 0.08203125 0.029166666666666667
1 0.828125 0.33541666666666664 0.06796875 0.025
1 0.53125 0.31145833333333334 0.07109375 0.03125
1 0.5359375 0.45416666666666666 0.0640625 0.051041666666666666
1 0.7015625 0.46875 0.0515625 0.04479166666666667
1 0.76171875 0.46458333333333335 0.05703125 0.04791666666666667
1 0.59296875 0.665625 0.0453125 0.036458333333333336
5 0.928125 0.37083333333333335 0.04765625 0.06770833333333333
5 0.4125 0.3385416666666667 0.05 0.07604166666666666
2 0.3953125 0.24270833333333333 0.10390625 0.09166666666666666
3 0.3609375 0.3770833333333333 0.0421875 0.019791666666666666
3 0.46328125 0.38333333333333336 0.046875 0.019791666666666666
3 0.8859375 0.40729166666666666 0.05078125 0.019791666666666666
3 0.9640625 0.41041666666666665 0.059375 0.019791666666666666
0 0.6328125 0.3229166666666667 0.103125 0.08229166666666667
0 0.6359375 0.196875 0.10859375 0.08645833333333333
4 0.54296875 0.40208333333333335 0.0671875 0.06770833333333333
4 0.734375 0.41354166666666664 0.07265625 0.06458333333333334