1 0.5671875 0.09791666666666667 0.078125 0.06458333333333334
1 0.78203125 0.278125 0.06875 0.030208333333333334
1 0.7890625 0.340625 0.0671875 0.03229166666666667
1 0.50234375 0.3416666666666667 0.07421875 0.03333333333333333
1 0.521875 0.478125 0.0640625 0.052083333333333336
1 0.6828125 0.47604166666666664 0.04765625 0.04479166666666667
1 0.74296875 0.46875 0.053125 0.04791666666666667
1 0.60859375 0.6854166666666667 0.05 0.036458333333333336
4 0.70234375 0.421875 0.06875 0.06875
4 0.51796875 0.42604166666666665 0.06328125 0.06666666666666667
5 0.3875 0.3770833333333333 0.05234375 0.08020833333333334
5 0.8875 0.36666666666666664 0.046875 0.06770833333333333
3 0.34140625 0.41875 0.04296875 0.019791666666666666
3 0.853125 0.4041666666666667 0.03984375 0.016666666666666666
3 0.93125 0.4010416666666667 0.04296875 0.015625
2 0.34140625 0.2760416666666667 0.10859375 0.09479166666666666
0 0.578125 0.21770833333333334 0.103125 0.084375
0 0.59375 0.340625 0.1015625 0.08229166666666667
3 0.4484375 0.4166666666666667 0.04296875 0.020833333333333332