1 0.53125 0.04895833333333333 0.1 0.075
1 0.4015625 0.29583333333333334 0.0953125 0.0375
1 0.41640625 0.44583333333333336 0.078125 0.058333333333333334
1 0.71875 0.334375 0.090625 0.03333333333333333
1 0.72578125 0.26145833333333335 0.0921875 0.03125
1 0.590625 0.465625 0.0515625 0.05416666666666667
1 0.653125 0.4625 0.0515625 0.05416666666666667
1 0.49453125 0.665625 0.075 0.04375
0 0.52578125 0.178125 0.125 0.1
0 0.521875 0.3104166666666667 0.11875 0.09375
3 0.21015625 0.359375 0.05 0.03125
3 0.33203125 0.365625 0.053125 0.029166666666666667
3 0.77265625 0.4083333333333333 0.05 0.029166666666666667
3 0.85390625 0.41354166666666664 0.0484375 0.027083333333333334
5 0.271875 0.31979166666666664 0.06875 0.09375
5 0.81796875 0.37395833333333334 0.05625 0.08541666666666667
2 0.2703125 0.21145833333333333 0.121875 0.11875
4 0.44140625 0.38958333333333334 0.0484375 0.07083333333333333
4 0.62890625 0.403125 0.084375 0.08958333333333333