0 0.4234375 0.11979166666666667 0.13125 0.1375
0 0.4375 0.265625 0.13125 0.12916666666666668
2 0.16484375 0.23854166666666668 0.128125 0.14791666666666667
5 0.1546875 0.35104166666666664 0.071875 0.10208333333333333
3 0.096875 0.4125 0.05 0.03958333333333333
3 0.22265625 0.3854166666666667 0.0453125 0.035416666666666666
3 0.70625 0.29375 0.0421875 0.029166666666666667
3 0.78828125 0.275 0.0390625 0.027083333333333334
5 0.746875 0.23854166666666668 0.0671875 0.0875
4 0.35234375 0.3770833333333333 0.071875 0.09583333333333334
4 0.559375 0.3375 0.084375 0.09375
1 0.63125 0.153125 0.0796875 0.05416666666666667
1 0.634375 0.23125 0.075 0.05
1 0.44921875 0.6354166666666666 0.071875 0.06458333333333334
1 0.34453125 0.440625 0.0984375 0.0875
1 0.5359375 0.40520833333333334 0.0546875 0.06041666666666667
1 0.5921875 0.3854166666666667 0.065625 0.06458333333333334
1 0.2921875 0.2875 0.0953125 0.06666666666666667