1 0.6171875 0.08958333333333333 0.078125 0.06666666666666667
1 0.8328125 0.2635416666666667 0.071875 0.035416666666666666
1 0.8390625 0.32708333333333334 0.0703125 0.035416666666666666
1 0.54453125 0.33125 0.071875 0.035416666666666666
1 0.559375 0.4708333333333333 0.0734375 0.05416666666666667
1 0.72421875 0.46770833333333334 0.0515625 0.04583333333333333
1 0.78984375 0.4625 0.0578125 0.05416666666666667
1 0.64375 0.6791666666666667 0.05625 0.041666666666666664
0 0.625 0.20833333333333334 0.109375 0.09166666666666666
0 0.6359375 0.33125 0.1078125 0.0875
4 0.7484375 0.4114583333333333 0.0734375 0.07291666666666667
4 0.56015625 0.415625 0.0609375 0.06875
2 0.3890625 0.27395833333333336 0.1078125 0.09791666666666667
5 0.43203125 0.36875 0.05 0.07916666666666666
5 0.94375 0.353125 0.053125 0.07291666666666667
3 0.38515625 0.4114583333333333 0.0453125 0.020833333333333332
3 0.48671875 0.40729166666666666 0.0453125 0.01875
3 0.90859375 0.390625 0.0453125 0.01875
3 0.98125 0.3875 0.034375 0.01875