0 0.553125 0.14375 0.11328125 0.09583333333333334
0 0.5609375 0.2875 0.11875 0.09375
2 0.2765625 0.20520833333333333 0.12578125 0.11666666666666667
5 0.33671875 0.309375 0.06328125 0.08854166666666667
5 0.87109375 0.32916666666666666 0.05625 0.06979166666666667
4 0.49609375 0.3802083333333333 0.01875 0.08229166666666667
4 0.66875 0.38125 0.08203125 0.07291666666666667
1 0.5453125 0.023958333333333335 0.084375 0.04791666666666667
1 0.77109375 0.22083333333333333 0.08203125 0.023958333333333335
1 0.77265625 0.29583333333333334 0.0796875 0.029166666666666667
1 0.46171875 0.27708333333333335 0.08984375 0.03854166666666667
1 0.4765625 0.43854166666666666 0.07421875 0.051041666666666666
1 0.6453125 0.440625 0.05546875 0.052083333333333336
1 0.70859375 0.4354166666666667 0.059375 0.052083333333333336
1 0.54765625 0.6614583333333334 0.06171875 0.04479166666666667
3 0.2796875 0.3572916666666667 0.05078125 0.028125
3 0.4 0.35833333333333334 0.0390625 0.026041666666666668
3 0.83671875 0.36770833333333336 0.0390625 0.022916666666666665
3 0.9109375 0.36875 0.0421875 0.023958333333333335