1 0.5015625 0.06875 0.09140625 0.071875
1 0.39765625 0.4739583333333333 0.07109375 0.057291666666666664
1 0.57421875 0.48020833333333335 0.0484375 0.04583333333333333
1 0.63671875 0.47604166666666664 0.05390625 0.04895833333333333
1 0.37890625 0.321875 0.096875 0.03229166666666667
1 0.6921875 0.2760416666666667 0.08515625 0.028125
1 0.69453125 0.34479166666666666 0.078125 0.029166666666666667
1 0.478125 0.6895833333333333 0.0640625 0.04583333333333333
0 0.49765625 0.19583333333333333 0.11796875 0.09270833333333334
0 0.496875 0.33125 0.1109375 0.08958333333333333
3 0.18515625 0.39791666666666664 0.04296875 0.026041666666666668
3 0.30390625 0.40208333333333335 0.0359375 0.025
3 0.75546875 0.4166666666666667 0.04453125 0.026041666666666668
3 0.8359375 0.41770833333333335 0.046875 0.028125
5 0.24765625 0.3541666666666667 0.05703125 0.08541666666666667
5 0.7984375 0.378125 0.046875 0.071875
4 0.415625 0.41041666666666665 0.05 0.06666666666666667
4 0.6015625 0.4197916666666667 0.06953125 0.07604166666666666
2 0.2453125 0.24166666666666667 0.125 0.10833333333333334