1 0.42890625 0.3229166666666667 0.0859375 0.029166666666666667
1 0.44453125 0.4708333333333333 0.0671875 0.05625
1 0.615625 0.47708333333333336 0.04921875 0.046875
1 0.675 0.47291666666666665 0.0484375 0.04375
1 0.73359375 0.2708333333333333 0.0734375 0.025
1 0.734375 0.340625 0.0734375 0.023958333333333335
1 0.52890625 0.06979166666666667 0.084375 0.06875
1 0.52265625 0.6927083333333334 0.0546875 0.046875
0 0.53203125 0.19895833333333332 0.10703125 0.090625
0 0.534375 0.3302083333333333 0.11015625 0.0875
5 0.3015625 0.353125 0.0546875 0.08125
5 0.83203125 0.37395833333333334 0.0390625 0.07083333333333333
3 0.2421875 0.39791666666666664 0.04296875 0.03125
3 0.36015625 0.39895833333333336 0.0328125 0.026041666666666668
3 0.796875 0.4125 0.040625 0.023958333333333335
3 0.87265625 0.41041666666666665 0.040625 0.029166666666666667
4 0.46171875 0.40729166666666666 0.03671875 0.06875
4 0.6421875 0.41875 0.084375 0.06666666666666667
2 0.271875 0.2520833333333333 0.115625 0.10520833333333333