0 0.53515625 0.20729166666666668 0.1203125 0.11666666666666667
0 0.5203125 0.34270833333333334 0.121875 0.11875
5 0.2703125 0.30520833333333336 0.0703125 0.10416666666666667
5 0.81171875 0.46875 0.0578125 0.08125
2 0.2703125 0.18854166666666666 0.121875 0.13333333333333333
3 0.2046875 0.33125 0.0546875 0.035416666666666666
3 0.32421875 0.36666666666666664 0.05625 0.03125
3 0.765625 0.49375 0.0453125 0.027083333333333334
3 0.84375 0.5166666666666667 0.0453125 0.03125
4 0.4296875 0.4083333333333333 0.0515625 0.08541666666666667
4 0.61328125 0.4635416666666667 0.0796875 0.0875
1 0.55 0.07916666666666666 0.0921875 0.09375
1 0.72109375 0.340625 0.071875 0.05
1 0.71328125 0.4083333333333333 0.075 0.04791666666666667
1 0.5859375 0.5145833333333333 0.0578125 0.058333333333333334
1 0.63984375 0.525 0.059375 0.06458333333333334
1 0.40859375 0.46041666666666664 0.071875 0.07291666666666667
1 0.40625 0.3072916666666667 0.0828125 0.052083333333333336
1 0.4578125 0.7010416666666667 0.065625 0.058333333333333334