1 0.565625 0.08854166666666667 0.0796875 0.06875
1 0.7859375 0.25625 0.0796875 0.0375
1 0.79375 0.3177083333333333 0.0734375 0.0375
1 0.5078125 0.33541666666666664 0.0734375 0.041666666666666664
1 0.68671875 0.46145833333333336 0.05625 0.04583333333333333
1 0.528125 0.471875 0.06875 0.05625
2 0.34453125 0.2833333333333333 0.115625 0.1
5 0.3921875 0.3802083333333333 0.05625 0.08541666666666667
5 0.8953125 0.3375 0.05 0.07083333333333333
3 0.3515625 0.42291666666666666 0.05 0.025
3 0.4515625 0.41354166666666664 0.0453125 0.022916666666666665
3 0.8625 0.37916666666666665 0.0375 0.020833333333333332
3 0.9359375 0.37083333333333335 0.0390625 0.027083333333333334
4 0.70703125 0.403125 0.0765625 0.07291666666666667
4 0.525 0.4197916666666667 0.065625 0.07708333333333334
0 0.578125 0.20729166666666668 0.1078125 0.09166666666666666
0 0.596875 0.33125 0.109375 0.09166666666666666
1 0.61953125 0.6760416666666667 0.053125 0.041666666666666664