1 0.67734375 0.10104166666666667 0.0921875 0.09166666666666666
1 0.80234375 0.35 0.0703125 0.04791666666666667
1 0.78515625 0.41041666666666665 0.0671875 0.04583333333333333
1 0.50078125 0.28958333333333336 0.075 0.05416666666666667
1 0.50390625 0.646875 0.0484375 0.04583333333333333
1 0.64609375 0.49583333333333335 0.0546875 0.05625
1 0.6953125 0.5114583333333333 0.0578125 0.058333333333333334
1 0.478125 0.42604166666666665 0.06875 0.06458333333333334
0 0.64375 0.21770833333333334 0.1171875 0.11458333333333333
0 0.6125 0.33645833333333336 0.115625 0.11041666666666666
2 0.40546875 0.18541666666666667 0.1125 0.12708333333333333
5 0.3796875 0.28020833333333334 0.0609375 0.09166666666666666
5 0.875 0.478125 0.0578125 0.08333333333333333
4 0.5140625 0.384375 0.05625 0.08125
4 0.6875 0.4552083333333333 0.078125 0.08333333333333333
3 0.31875 0.2947916666666667 0.0421875 0.03125
3 0.41640625 0.334375 0.046875 0.03125
3 0.8234375 0.496875 0.046875 0.03125
3 0.9 0.525 0.04375 0.029166666666666667