1 0.59921875 0.09895833333333333 0.0828125 0.08333333333333333
1 0.71015625 0.33958333333333335 0.06875 0.04375
1 0.69140625 0.39895833333333336 0.065625 0.041666666666666664
1 0.41484375 0.28229166666666666 0.0765625 0.05416666666666667
1 0.39296875 0.4114583333333333 0.0703125 0.06666666666666667
1 0.5609375 0.48125 0.0484375 0.052083333333333336
1 0.60859375 0.49583333333333335 0.0578125 0.058333333333333334
1 0.41953125 0.6302083333333334 0.053125 0.05
0 0.5640625 0.21041666666666667 0.1125 0.1125
0 0.5296875 0.325 0.1109375 0.10833333333333334
2 0.33125 0.17604166666666668 0.1109375 0.12291666666666666
5 0.2921875 0.26875 0.0578125 0.08958333333333333
5 0.77734375 0.4625 0.053125 0.075
3 0.22421875 0.28125 0.0375 0.03125
3 0.32734375 0.321875 0.040625 0.03125
3 0.72421875 0.4791666666666667 0.04375 0.03333333333333333
3 0.7984375 0.50625 0.04375 0.029166666666666667
4 0.60078125 0.440625 0.0734375 0.07916666666666666
4 0.4265625 0.37083333333333335 0.0640625 0.08333333333333333