1 0.515625 0.03958333333333333 0.0859375 0.071875
1 0.73203125 0.25104166666666666 0.09765625 0.022916666666666665
1 0.7296875 0.3177083333333333 0.084375 0.028125
1 0.446875 0.4510416666666667 0.08984375 0.059375
1 0.596875 0.45625 0.0421875 0.051041666666666666
1 0.66875 0.45 0.0484375 0.04895833333333333
1 0.509375 0.6645833333333333 0.06484375 0.04479166666666667
1 0.4390625 0.3 0.0984375 0.034375
0 0.52109375 0.171875 0.12265625 0.09479166666666666
0 0.52578125 0.30520833333333336 0.11875 0.08854166666666667
3 0.25390625 0.378125 0.04609375 0.028125
3 0.37109375 0.38125 0.040625 0.027083333333333334
3 0.7875 0.38958333333333334 0.05 0.022916666666666665
3 0.85703125 0.38958333333333334 0.040625 0.022916666666666665
5 0.30859375 0.33125 0.06328125 0.09166666666666666
5 0.82265625 0.35104166666666664 0.05390625 0.07395833333333333
4 0.44375 0.36770833333333336 0.07890625 0.027083333333333334
4 0.63515625 0.38645833333333335 0.0765625 0.071875
2 0.25390625 0.2125 0.13828125 0.12291666666666666