1 0.40625 0.052083333333333336 0.1 0.09791666666666667
1 0.6390625 0.19166666666666668 0.0921875 0.05625
1 0.65703125 0.25729166666666664 0.0875 0.05416666666666667
1 0.35 0.340625 0.1046875 0.06875
1 0.3921875 0.48541666666666666 0.10625 0.1
1 0.559375 0.43125 0.053125 0.0625
1 0.62109375 0.40625 0.06875 0.06875
1 0.50703125 0.665625 0.065625 0.0625
0 0.43515625 0.17916666666666667 0.128125 0.13541666666666666
0 0.4578125 0.31145833333333334 0.128125 0.13125
3 0.17578125 0.48333333333333334 0.05625 0.04375
3 0.29453125 0.44375 0.0484375 0.041666666666666664
3 0.725 0.30833333333333335 0.0484375 0.03958333333333333
3 0.7953125 0.28125 0.0453125 0.041666666666666664
5 0.22265625 0.4197916666666667 0.078125 0.1125
5 0.75546875 0.25833333333333336 0.0671875 0.09375
4 0.39921875 0.41458333333333336 0.046875 0.07916666666666666
4 0.5796875 0.359375 0.09375 0.11666666666666667
2 0.1828125 0.31354166666666666 0.146875 0.1625