0 0.4203125 0.21041666666666667 0.1359375 0.12916666666666668
0 0.44140625 0.3458333333333333 0.121875 0.12083333333333333
1 0.31171875 0.3770833333333333 0.1 0.06666666666666667
1 0.63515625 0.2947916666666667 0.0765625 0.052083333333333336
1 0.62109375 0.22708333333333333 0.084375 0.052083333333333336
1 0.3578125 0.5177083333333333 0.075 0.07291666666666667
1 0.54140625 0.46458333333333335 0.053125 0.06458333333333334
1 0.6015625 0.4427083333333333 0.0609375 0.06666666666666667
1 0.4828125 0.7 0.0671875 0.058333333333333334
1 0.4015625 0.08020833333333334 0.1 0.1
3 0.13046875 0.5104166666666666 0.0609375 0.04791666666666667
3 0.24921875 0.47708333333333336 0.0515625 0.03958333333333333
3 0.70546875 0.34791666666666665 0.053125 0.04375
3 0.78828125 0.3229166666666667 0.0546875 0.04375
5 0.184375 0.44583333333333336 0.0796875 0.10416666666666667
5 0.74375 0.29270833333333335 0.06875 0.08541666666666667
4 0.36953125 0.44895833333333335 0.0765625 0.08541666666666667
4 0.56484375 0.39375 0.103125 0.10208333333333333
2 0.18125 0.3302083333333333 0.1265625 0.12708333333333333