1 0.559375 0.035416666666666666 0.09375 0.07083333333333333
1 0.78515625 0.215625 0.0828125 0.04375
1 0.78984375 0.28541666666666665 0.078125 0.041666666666666664
1 0.4796875 0.3072916666666667 0.0796875 0.04583333333333333
1 0.66171875 0.44375 0.0484375 0.04791666666666667
1 0.73046875 0.43020833333333336 0.0625 0.058333333333333334
1 0.49140625 0.459375 0.084375 0.0625
1 0.5734375 0.6729166666666667 0.059375 0.05
0 0.5640625 0.16354166666666667 0.125 0.1125
0 0.57421875 0.3 0.115625 0.10625
2 0.2953125 0.25104166666666666 0.1203125 0.12916666666666668
5 0.353125 0.35625 0.065625 0.09583333333333334
5 0.88984375 0.30625 0.0578125 0.07916666666666666
4 0.68984375 0.38125 0.0828125 0.08125
4 0.4953125 0.4 0.0703125 0.08541666666666667
3 0.296875 0.40729166666666666 0.0421875 0.03125
3 0.4140625 0.396875 0.0375 0.03125
3 0.85390625 0.35 0.0421875 0.027083333333333334
3 0.93203125 0.33958333333333335 0.0375 0.022916666666666665