1 0.51484375 0.16354166666666667 0.0765625 0.059375
1 0.69765625 0.3458333333333333 0.06875 0.029166666666666667
1 0.69765625 0.40520833333333334 0.065625 0.028125
1 0.41171875 0.3958333333333333 0.071875 0.028125
1 0.42734375 0.5270833333333333 0.06015625 0.046875
1 0.59765625 0.5302083333333333 0.0484375 0.040625
1 0.65234375 0.5270833333333333 0.05625 0.042708333333333334
1 0.509375 0.734375 0.05078125 0.040625
0 0.515625 0.2760416666666667 0.10234375 0.07916666666666666
0 0.51953125 0.3958333333333333 0.1015625 0.08020833333333334
4 0.621875 0.4791666666666667 0.06640625 0.0625
4 0.44453125 0.475 0.04453125 0.06666666666666667
5 0.29375 0.4239583333333333 0.04453125 0.071875
5 0.7953125 0.43645833333333334 0.0421875 0.06354166666666666
2 0.29296875 0.321875 0.10859375 0.09166666666666666
3 0.23671875 0.4635416666666667 0.05 0.01875
3 0.34453125 0.46458333333333335 0.05078125 0.017708333333333333
3 0.7609375 0.471875 0.04609375 0.013541666666666667
3 0.8328125 0.4708333333333333 0.04140625 0.016666666666666666