1 0.42890625 0.10104166666666667 0.0859375 0.07708333333333334
1 0.315625 0.36875 0.0796875 0.04583333333333333
1 0.6296875 0.2833333333333333 0.071875 0.041666666666666664
1 0.6359375 0.3489583333333333 0.071875 0.03958333333333333
1 0.5375 0.496875 0.053125 0.05
1 0.58828125 0.4875 0.0578125 0.05416666666666667
1 0.34140625 0.5104166666666666 0.075 0.058333333333333334
1 0.44609375 0.721875 0.0578125 0.04791666666666667
0 0.43515625 0.22708333333333333 0.115625 0.10208333333333333
0 0.44453125 0.3572916666666667 0.1171875 0.1
2 0.1890625 0.30416666666666664 0.115625 0.11875
5 0.18203125 0.4114583333333333 0.0625 0.08958333333333333
5 0.74140625 0.3729166666666667 0.0515625 0.075
3 0.12265625 0.46145833333333336 0.0546875 0.029166666666666667
3 0.24375 0.4510416666666667 0.0546875 0.027083333333333334
3 0.7015625 0.41458333333333336 0.0484375 0.020833333333333332
3 0.78359375 0.40729166666666666 0.0453125 0.022916666666666665
4 0.55625 0.4395833333333333 0.078125 0.07916666666666666
4 0.36171875 0.453125 0.0578125 0.07916666666666666