1 0.50625 0.17083333333333334 0.078125 0.06666666666666667
1 0.6734375 0.33958333333333335 0.065625 0.03125
1 0.6734375 0.4010416666666667 0.065625 0.03125
1 0.3828125 0.4041666666666667 0.071875 0.0375
1 0.39453125 0.5322916666666667 0.0640625 0.052083333333333336
1 0.57265625 0.5302083333333333 0.05 0.04583333333333333
1 0.621875 0.5239583333333333 0.0515625 0.04791666666666667
1 0.475 0.7385416666666667 0.0546875 0.041666666666666664
0 0.50234375 0.28125 0.103125 0.0875
0 0.49921875 0.39791666666666664 0.1046875 0.08541666666666667
4 0.41484375 0.48020833333333335 0.0640625 0.07083333333333333
4 0.59921875 0.47708333333333336 0.0703125 0.06875
5 0.77421875 0.42604166666666665 0.0515625 0.07083333333333333
5 0.26484375 0.4375 0.05 0.07708333333333334
2 0.28125 0.3375 0.0984375 0.1
3 0.21015625 0.47708333333333336 0.053125 0.022916666666666665
3 0.31171875 0.475 0.0484375 0.022916666666666665
3 0.734375 0.4635416666666667 0.053125 0.020833333333333332
3 0.8109375 0.46041666666666664 0.0421875 0.027083333333333334