1 0.521875 0.03125 0.0953125 0.0625
1 0.4328125 0.2947916666666667 0.0890625 0.030208333333333334
1 0.73046875 0.24166666666666667 0.08515625 0.027083333333333334
1 0.73046875 0.31354166666666666 0.078125 0.027083333333333334
1 0.4421875 0.446875 0.06796875 0.059375
1 0.60078125 0.4510416666666667 0.05 0.04479166666666667
1 0.6703125 0.446875 0.059375 0.04583333333333333
1 0.51328125 0.6572916666666667 0.0625 0.041666666666666664
3 0.24453125 0.3697916666666667 0.0484375 0.027083333333333334
3 0.3671875 0.3729166666666667 0.05 0.026041666666666668
3 0.7890625 0.3854166666666667 0.04375 0.019791666666666666
3 0.8609375 0.3854166666666667 0.0484375 0.023958333333333335
5 0.3015625 0.325 0.06484375 0.08854166666666667
5 0.82734375 0.34479166666666666 0.059375 0.07083333333333333
4 0.4625 0.37604166666666666 0.034375 0.059375
4 0.63515625 0.384375 0.08671875 0.08125
2 0.24921875 0.20625 0.12578125 0.11041666666666666
0 0.521875 0.16041666666666668 0.115625 0.1
0 0.53125 0.2989583333333333 0.115625 0.09166666666666666