1 0.54375 0.08020833333333334 0.0984375 0.09791666666666667
1 0.70234375 0.346875 0.0796875 0.06041666666666667
1 0.6953125 0.41354166666666664 0.0734375 0.05625
1 0.3890625 0.29791666666666666 0.0828125 0.058333333333333334
1 0.3828125 0.4479166666666667 0.08125 0.07708333333333334
1 0.565625 0.5135416666666667 0.0546875 0.058333333333333334
1 0.61875 0.5270833333333333 0.0671875 0.06666666666666667
1 0.43359375 0.6947916666666667 0.059375 0.06041666666666667
5 0.25234375 0.28541666666666665 0.06875 0.10208333333333333
5 0.7890625 0.4791666666666667 0.0609375 0.0875
2 0.2640625 0.17395833333333333 0.1328125 0.14166666666666666
3 0.18515625 0.30833333333333335 0.040625 0.035416666666666666
3 0.3046875 0.35 0.0375 0.03333333333333333
3 0.7453125 0.5041666666666667 0.0375 0.027083333333333334
3 0.81953125 0.5291666666666667 0.0390625 0.029166666666666667
4 0.41171875 0.4010416666666667 0.0578125 0.0875
4 0.596875 0.465625 0.0796875 0.09166666666666666
0 0.5265625 0.20833333333333334 0.1234375 0.125
0 0.50703125 0.3416666666666667 0.128125 0.125