1 0.41953125 0.07395833333333333 0.0890625 0.07916666666666666
1 0.6265625 0.26145833333333335 0.0765625 0.03958333333333333
1 0.63515625 0.3302083333333333 0.0703125 0.03333333333333333
1 0.3109375 0.34479166666666666 0.0796875 0.041666666666666664
1 0.53828125 0.478125 0.053125 0.05
1 0.346875 0.49166666666666664 0.0671875 0.058333333333333334
1 0.446875 0.7041666666666667 0.0578125 0.04791666666666667
0 0.42734375 0.20520833333333333 0.11875 0.1
0 0.440625 0.3375 0.1171875 0.10208333333333333
2 0.175 0.27708333333333335 0.115625 0.11875
5 0.1765625 0.3854166666666667 0.0640625 0.08958333333333333
5 0.740625 0.353125 0.05 0.075
4 0.35859375 0.43125 0.05 0.075
4 0.5546875 0.41875 0.075 0.075
3 0.11875 0.4375 0.0421875 0.025
3 0.2421875 0.4270833333333333 0.040625 0.029166666666666667
3 0.7046875 0.3958333333333333 0.034375 0.016666666666666666
3 0.78125 0.38958333333333334 0.0375 0.016666666666666666
1 0.59140625 0.46770833333333334 0.0546875 0.05416666666666667