1 0.546875 0.05416666666666667 0.0875 0.06979166666666667
1 0.434375 0.3072916666666667 0.09140625 0.03229166666666667
1 0.74765625 0.25833333333333336 0.0875 0.03229166666666667
1 0.74609375 0.32916666666666666 0.08359375 0.028125
1 0.44921875 0.46041666666666664 0.07734375 0.052083333333333336
1 0.61953125 0.4666666666666667 0.0453125 0.04375
1 0.68203125 0.4635416666666667 0.04921875 0.051041666666666666
1 0.5265625 0.6791666666666667 0.06875 0.040625
0 0.54609375 0.1875 0.11640625 0.09791666666666667
0 0.546875 0.3177083333333333 0.1140625 0.08854166666666667
3 0.25 0.38333333333333336 0.04921875 0.028125
3 0.36875 0.3885416666666667 0.0453125 0.027083333333333334
3 0.80703125 0.4 0.0515625 0.027083333333333334
3 0.884375 0.403125 0.04453125 0.027083333333333334
5 0.30703125 0.33958333333333335 0.05703125 0.09166666666666666
5 0.846875 0.36770833333333336 0.059375 0.08541666666666667
4 0.46953125 0.396875 0.03515625 0.06979166666666667
4 0.65390625 0.403125 0.07578125 0.084375
2 0.2828125 0.23125 0.11875 0.11145833333333334