0 0.53984375 0.28229166666666666 0.11875 0.10208333333333333
0 0.53203125 0.13958333333333334 0.121875 0.10625
1 0.53125 0.019791666666666666 0.0875 0.03958333333333333
2 0.2671875 0.21145833333333333 0.1203125 0.12291666666666666
5 0.29609375 0.3229166666666667 0.0578125 0.09791666666666667
5 0.8515625 0.3104166666666667 0.0515625 0.08125
1 0.746875 0.20625 0.0796875 0.035416666666666666
1 0.74765625 0.28125 0.071875 0.03333333333333333
1 0.53046875 0.6479166666666667 0.053125 0.041666666666666664
1 0.628125 0.43125 0.059375 0.05
1 0.6875 0.42291666666666666 0.0625 0.05416666666666667
1 0.44453125 0.434375 0.08125 0.06666666666666667
3 0.2390625 0.3697916666666667 0.0546875 0.029166666666666667
3 0.35859375 0.365625 0.0453125 0.025
3 0.8125 0.35208333333333336 0.04375 0.020833333333333332
3 0.89375 0.34791666666666665 0.046875 0.025
4 0.65390625 0.371875 0.0765625 0.07708333333333334
4 0.4671875 0.37604166666666666 0.0421875 0.08125
1 0.4296875 0.28125 0.0828125 0.041666666666666664