1 0.64296875 0.128125 0.0875 0.09166666666666666
1 0.8125 0.3770833333333333 0.071875 0.05416666666666667
1 0.8078125 0.44166666666666665 0.075 0.05416666666666667
1 0.52421875 0.34479166666666666 0.078125 0.058333333333333334
1 0.5203125 0.4875 0.0671875 0.06666666666666667
1 0.67421875 0.5375 0.053125 0.058333333333333334
1 0.7359375 0.5520833333333334 0.05625 0.06041666666666667
1 0.5609375 0.7135416666666666 0.0546875 0.05625
0 0.6265625 0.24791666666666667 0.1171875 0.11666666666666667
0 0.6171875 0.37604166666666666 0.1125 0.11458333333333333
2 0.38984375 0.22916666666666666 0.1328125 0.13125
5 0.40859375 0.34375 0.0640625 0.09375
5 0.8984375 0.5010416666666667 0.0578125 0.08125
4 0.5265625 0.43333333333333335 0.0734375 0.08958333333333333
4 0.70625 0.4895833333333333 0.078125 0.0875
3 0.35234375 0.36875 0.0421875 0.03333333333333333
3 0.45625 0.4010416666666667 0.0515625 0.035416666666666666
3 0.8546875 0.5239583333333333 0.0453125 0.03333333333333333
3 0.93046875 0.546875 0.05 0.035416666666666666