1 0.7265625 0.115625 0.09375 0.09375
1 0.8515625 0.3729166666666667 0.08125 0.05625
1 0.82734375 0.43020833333333336 0.0734375 0.04791666666666667
1 0.54375 0.30520833333333336 0.0734375 0.04791666666666667
1 0.6734375 0.5114583333333333 0.0546875 0.05625
1 0.72890625 0.5291666666666667 0.0609375 0.0625
1 0.5109375 0.4395833333333333 0.0703125 0.06666666666666667
1 0.51953125 0.659375 0.0546875 0.052083333333333336
0 0.68671875 0.23333333333333334 0.11875 0.12083333333333333
0 0.64375 0.35104166666666664 0.1265625 0.11875
4 0.72109375 0.47291666666666665 0.08125 0.0875
4 0.5453125 0.396875 0.059375 0.08333333333333333
5 0.42109375 0.28958333333333336 0.0625 0.09166666666666666
5 0.91953125 0.5020833333333333 0.059375 0.08541666666666667
2 0.4390625 0.19270833333333334 0.1078125 0.12708333333333333
3 0.3578125 0.30416666666666664 0.0515625 0.03958333333333333
3 0.45546875 0.3458333333333333 0.05 0.03958333333333333
3 0.8625 0.5177083333333333 0.0484375 0.035416666666666666
3 0.940625 0.55 0.05 0.035416666666666666