0 0.57421875 0.325 0.1328125 0.11666666666666667
0 0.59375 0.19166666666666668 0.125 0.12291666666666666
1 0.61640625 0.06458333333333334 0.096875 0.08958333333333333
1 0.465625 0.284375 0.08125 0.05416666666666667
1 0.76875 0.38958333333333334 0.0859375 0.05
1 0.77890625 0.315625 0.0765625 0.041666666666666664
1 0.62421875 0.490625 0.0453125 0.05625
1 0.6875 0.5 0.0515625 0.06041666666666667
1 0.4578125 0.44375 0.06875 0.07291666666666667
1 0.5 0.6708333333333333 0.0546875 0.05625
5 0.3359375 0.2864583333333333 0.071875 0.1
5 0.86484375 0.4479166666666667 0.059375 0.08541666666666667
3 0.81875 0.475 0.0515625 0.0375
3 0.2703125 0.3125 0.04375 0.0375
3 0.38671875 0.346875 0.040625 0.035416666666666666
3 0.9046875 0.4979166666666667 0.0515625 0.035416666666666666
2 0.3296875 0.16875 0.125 0.12291666666666666
4 0.66796875 0.4354166666666667 0.0875 0.08333333333333333
4 0.490625 0.38229166666666664 0.05 0.07291666666666667