0 0.58359375 0.175 0.125 0.13125
0 0.56015625 0.309375 0.1265625 0.12916666666666668
2 0.3046875 0.13541666666666666 0.1375 0.15
5 0.3390625 0.253125 0.0734375 0.10208333333333333
5 0.846875 0.4510416666666667 0.0609375 0.08125
4 0.48984375 0.34791666666666665 0.0265625 0.027083333333333334
4 0.6515625 0.4375 0.084375 0.09375
1 0.59921875 0.051041666666666666 0.09375 0.08958333333333333
1 0.77109375 0.31875 0.075 0.04791666666666667
1 0.76171875 0.3885416666666667 0.075 0.052083333333333336
1 0.46953125 0.26666666666666666 0.0875 0.058333333333333334
1 0.61484375 0.4864583333333333 0.05625 0.06041666666666667
1 0.67890625 0.5020833333333333 0.0625 0.06458333333333334
1 0.45234375 0.4239583333333333 0.0859375 0.08125
1 0.4828125 0.66875 0.0609375 0.058333333333333334
3 0.271875 0.278125 0.0453125 0.041666666666666664
3 0.80625 0.478125 0.04375 0.03333333333333333
3 0.87421875 0.5020833333333333 0.0421875 0.03125
3 0.39140625 0.3229166666666667 0.040625 0.0375